a 1 1.0578642685 1.56871206531 1.58933436514 1.36471354099 1.00223384456 1.59179649757 1.50173880438 1.28291507522 0.882482365215 1.42316364714 1.3552563428 1.23592021871
b 1 1.06954604588 1.60326413139 1.49243493363 1.40346454898 0.989533171882 1.5880769252 1.42834218489 1.28057813101 0.86259532406 1.44644150539 1.36990190904 1.22773904155
c 1 1.07482537862 1.6484030615 1.55404268805 1.43146947648 0.973647781267 1.56852928249 1.46247674139 1.40664366531 0.88275648544 1.47799949596 1.36722457346 1.2104676929
d 1 1.071335727 1.51445273983 1.59394336296 1.34153461132 0.981971789467 1.58806478624 1.48325632858 1.33149151614 0.880429417765 1.47642895334 1.3550894178 1.3132702447
e 1 1.06971647918 1.58359068788 1.5470369597 1.38504721634 0.979907506165 1.56078775616 1.41042894631 1.35699966699 0.893558652563 1.49979642883 1.37209861747 1.27609681447
f 1 1.04380642909 1.68021068451 1.67526449403 1.44086987801 1.02290726206 1.66279031723 1.59525555418 1.37552365416 0.881416201946 1.54591784267 1.58418450196 1.39427335522
g 1 1.06177892378 1.75780898298 1.63092569172 1.49088678884 0.996315833629 1.64831943557 1.54416178969 1.39898435804 0.893204879509 1.56395310485 1.44376865278 1.37041194338
h 1 1.04321362945 1.63464735557 1.60398631439 1.46199205233 1.02106163298 1.65511139848 1.63016597847 1.3854014913 0.886993700947 1.51873235115 1.62842550104 1.29036214332
i 1 1.04370598824 1.63324676118 1.56419247732 1.30818680264 1.00952128304 1.67019166139 1.56774774646 1.29142608967 0.915956585335 1.54875215413 1.5506747785 1.19599417106
j 1 1.03931419094 1.62914749567 1.59165942828 1.3727624751 1.01806828781 1.64088406922 1.48925810576 1.27413748615 0.908578250041 1.51133545991 1.51979371849 1.15824481049
k 1 1.05483303938 1.64674298908 1.55495258354 1.34900018542 0.993607510781 1.62538671442 1.49139094251 1.31383010219 0.915619953712 1.48441968269 1.47449314376 1.20368993855
l 1 1.04629669326 1.64917170562 1.66552418974 1.34501907046 1.01463277652 1.56071629053 1.48267132107 1.21165477181 0.897291148526 1.53453789126 1.32436697502 1.06414798045
m 1 1.04543504504 1.6703082405 1.77201264786 1.46038101338 1.02850046994 1.70734592754 1.67517142392 1.42763409583 0.857627475433 1.47338603561 1.40581760512 1.25368518104
n 1 1.0372431383 1.63448728902 1.67776527192 1.34541405173 1.03026337133 1.63940437605 1.59970060319 1.41453079963 0.883001864379 1.58422771873 1.41460754547 1.28332749129
o 1 1.04656649171 1.64388266128 1.56264667525 1.36328102435 1.01448907875 1.62559446318 1.57502722006 1.3500519265 0.89735998429 1.51362845085 1.35105823845 1.20529817959
p 1 1.06602980578 1.63606010054 1.45965996153 1.42544893106 0.983631971492 1.60953489988 1.46276990877 1.38615883795 0.89998746113 1.49740237042 1.48299832295 1.33368572114
q 1 1.06171676309 1.71687372422 1.58158723037 1.37992358142 0.993854988173 1.61266866772 1.54468719182 1.3517217634 0.895105570354 1.47922919598 1.30585322912 1.2456078251
r 1 1.051823012 1.61498586932 1.59622021662 1.28292653325 1.01111436441 1.58021471091 1.40095052022 1.25000408189 0.882901558534 1.44200230844 1.39589496246 1.26121434845
s 1 1.05657212658 1.68574276329 1.66097295064 1.45869718118 1.01692864973 1.68565834928 1.60727064693 1.38903883102 0.845189482035 1.47305078317 1.49849986364 1.36634955959
t 1 1.07237673553 1.60115371751 1.5555454465 1.50745039794 0.979578033859 1.60001871216 1.41482295229 1.2733152475 0.882894244609 1.50359191986 1.46912373412 1.18366690182
u 1 1.06188402486 1.72566627769 1.65613527524 1.39084273809 1.00221073895 1.58423150708 1.54447717568 1.20319898743 0.872429638144 1.45430353383 1.28680240517 1.10204073638
v 1 1.06112460033 1.7014321646 1.60196880911 1.4647097106 0.993052729939 1.55403926668 1.51986799349 1.32460670693 0.894495376547 1.47024434243 1.44517040233 1.11034814865
w 1 1.07080146844 1.74301402012 1.61250162267 1.48106885064 1.00532915848 1.68112258792 1.47828461056 1.24670857052 0.784616574307 1.41102983284 1.18742375887 1.19645425354
x 1 1.04227499947 1.67267869106 1.76645136364 1.40037977742 1.03179568546 1.62797245917 1.71585092251 1.5238008282 0.849872593311 1.51671698572 1.57510903648 1.50885951812
y 1 1.04034723795 1.59974046863 1.37430716279 1.31019183818 1.0131837834 1.55177016356 1.45028321623 1.26790294264 0.914209041164 1.5181046485 1.45146647681 1.24763013327
z 1 1.0552462293 1.60754100647 1.56474859049 1.42325624164 1.00317572735 1.58984723348 1.5653168668 1.25743532526 0.885733363545 1.45837408128 1.49318823143 1.14901936205
0 1 1.070837205 1.60848161269 1.50240027243 1.2846176289 0.991668954994 1.52295074138 1.53270138222 1.26624941056 0.837563756389 1.32988278954 1.40155293105 1.18651880319
1 1 1.03327675079 1.6301089061 1.40656772938 1.27575529649 1.03502344427 1.6390107485 1.4658424436 1.31141415463 0.875242247932 1.45828790167 1.43670118045 1.20395318325
2 1 1.05982741545 1.76461742177 1.64721988079 1.43767131187 0.998584993267 1.66065826983 1.5582787581 1.35707450109 0.894823242381 1.61055924264 1.49398659256 1.2947011184
3 1 1.06544052536 1.69113653962 1.61853556213 1.39222534709 0.999049756055 1.60439135598 1.52825061455 1.30660009582 0.862225078174 1.47068770793 1.42452860981 1.28243395921
4 1 1.07584505634 1.66195016897 1.39707489841 1.37210625897 0.967402401334 1.61200929351 1.24154098365 1.13333728892 0.88477489557 1.53173773037 1.25085184305 1.17727865373
5 1 1.06188569734 1.64961616933 1.48604328817 1.36131113915 1.00642863046 1.57749081917 1.58398052509 1.35324086845 0.848183775659 1.45279511452 1.45896403182 1.21420076287
6 1 1.07597129674 1.68648260999 1.67096893574 1.45651015219 1.00173299179 1.55974375755 1.73304959164 1.48958716926 0.747856905653 1.36924535918 1.38527328224 1.19038339969
7 1 1.06431334356 1.7184558615 1.62145028498 1.36858664152 1.02044717865 1.67277536153 1.57556808356 1.15232528571 0.752972928604 1.41755009411 1.27140533093 1.14622238707
8 1 1.06317702172 1.6612266023 1.57550431884 1.46182377099 1.00980072966 1.56251208743 1.65158109805 1.43741018525 0.838594565673 1.44855183859 1.57471111658 1.29288890532
9 1 1.04382196462 1.62291724131 1.53806173635 1.38542545986 1.01375517736 1.59924373031 1.53486656395 1.35122734718 0.903707163823 1.48524745006 1.55344031023 1.13638594008
a 1 1.06432400878 1.5480291938 1.56668944846 1.38327183785 0.994179333118 1.61019959625 1.52131663113 1.31977946879 0.874182389996 1.40727141821 1.37481770965 1.13053206654
b 1 1.07937297279 1.5282616825 1.56345444147 1.17850695698 0.974436785168 1.51597378026 1.40593022493 1.24122984849 0.844748155327 1.33829924821 1.30591127423 1.21082222697
c 1 1.07240718863 1.58716132953 1.54476465635 1.24176058838 0.983353701806 1.56996557287 1.41697480636 1.20087386196 0.866665949801 1.43293335043 1.40398980119 1.15212428602
d 1 1.06901175138 1.53675580079 1.58031249824 1.4399006518 0.984592450112 1.5906837195 1.47298142103 1.25106060594 0.880408406455 1.43846532954 1.35582606889 1.2616289064
e 1 1.06405082013 1.54648303292 1.53927719558 1.33171363015 0.990446047741 1.58243672595 1.51755082408 1.3268206745 0.893639908311 1.49637095076 1.43282167876 1.30261861373
f 1 1.06581065357 1.71629101741 1.67849955744 1.45185892286 1.0053186091 1.64991591166 1.60373702915 1.32130232146 0.834671648494 1.43903736694 1.46265372513 1.27145805747
g 1 1.05305089647 1.55293347434 1.65028299371 1.38094290455 1.00860360124 1.65218874321 1.56506042654 1.3567123771 0.889007048593 1.50157502769 1.40604768104 1.26075453027
h 1 1.04826503161 1.63428861379 1.57687091699 1.40832919119 1.01467799753 1.57823647846 1.58531970939 1.25930821479 0.884782877082 1.48300729988 1.5686327412 1.18257392365
i 1 1.06555396174 1.5992766899 1.52475724267 1.35490151911 0.990695847183 1.56384460904 1.50162108898 1.19594240622 0.878882827354 1.50449107127 1.43386320186 1.17683264289
j 1 1.07121800994 1.59765849037 1.54547775454 1.35590524742 0.993733767571 1.5724745629 1.45122470753 1.35758309351 0.828673359572 1.41693445908 1.38816644122 1.14798730184
k 1 1.05627497378 1.61940410791 1.49961200114 1.29713820056 1.00778730125 1.59597825528 1.50579353854 1.25965555955 0.869172100056 1.41984954022 1.41577393024 1.16498193684
l 1 1.0203675776 1.6183464705 1.60089828124 1.3969775791 1.03918132714 1.61660600613 1.55725507235 1.38395279905 0.90035646957 1.53352042266 1.3298845167 1.14479643723
m 1 1.06885815162 1.60487345693 1.59931170208 1.37186169416 1.00076319262 1.59303745135 1.54984514301 1.28749369959 0.824355832179 1.41058773703 1.21476604771 1.04776995167
n 1 1.0661081956 1.60630479595 1.57275676378 1.27223185376 1.00902144834 1.57112368874 1.51347553906 1.24408250909 0.794824759201 1.36897733923 1.18447182871 1.03521179732
o 1 1.07213366308 1.63658188851 1.55090233316 1.27841457762 0.97501017148 1.56704310381 1.41944454972 1.26829196422 0.885309448442 1.39231299627 1.17095644898 1.08282979684
p 1 1.06002059619 1.52476215819 1.59810033515 1.31467603922 0.997626886481 1.6086932657 1.44476103524 1.331185485 0.88963754419 1.46446724562 1.3454379215 1.16951427262
q 1 1.03557126632 1.50160518091 1.5901517604 1.2922267449 1.02416240129 1.63089331556 1.56922064937 1.31505072029 0.905015065331 1.4568183412 1.33869696332 1.22805247976
r 1 1.0362701827 1.60506372264 1.53593109643 1.18455092806 1.02837112713 1.57772215938 1.4487553752 1.18962009636 0.885552943513 1.45404114141 1.32725545948 1.15147922125
s 1 1.06377524831 1.66026281629 1.60918336002 1.37674667603 1.00076624166 1.60947937859 1.57509296056 1.36774082123 0.858241053086 1.53196722985 1.4283427046 1.32409133459
t 1 1.06680772136 1.56104018671 1.53974078459 1.40234519751 0.989676843049 1.59581134089 1.40868333514 1.26306043136 0.882098840609 1.45488938568 1.35399513654 1.08181054003
u 1 1.05164630874 1.54155324853 1.61324898275 1.16477600258 1.01383717268 1.58105931588 1.44566917727 1.28303765244 0.880601936292 1.42904408985 1.21782336805 1.18793531328
v 1 1.06712853983 1.55556298507 1.55545147065 1.33867613622 0.990847761856 1.55622526061 1.4113355098 1.3258679458 0.873956278875 1.3859882612 1.27425421524 1.14299839262
w 1 1.0656988664 1.59373662345 1.46715295619 1.33422010032 0.993723996553 1.52316797898 1.43952545182 1.29719283379 0.86633474742 1.28312046462 1.39347083784 1.13718059097
x 1 1.08215271729 1.76764511781 1.77653662455 1.52288018109 0.974595954766 1.66018880473 1.6718341973 1.54247148414 0.847327202185 1.53529937026 1.62422377918 1.49271697958
y 1 1.0608746663 1.60067324099 1.49290290723 1.30668216037 0.998574832598 1.55176678078 1.39121483667 1.19205935856 0.870739593067 1.41994744237 1.42959944177 1.19557515838
z 1 1.05168692627 1.49820782076 1.47194557813 1.27268141832 1.00812175781 1.55299021531 1.51233230574 1.26419674175 0.880732612032 1.42376889398 1.38198862466 1.18528127998
0 1 1.07748195052 1.63385476969 1.61106617731 1.28123141929 0.972530081374 1.45497823795 1.42953036461 1.24774061243 0.848664005209 1.41303762466 1.33436922907 1.12642381451
1 1 1.05287383133 1.60163659689 1.37940882961 1.35618227817 1.01690852792 1.59775600087 1.43049265274 1.35624589405 0.851703560116 1.45119762541 1.28966029591 1.22324628853
2 1 1.0647791316 1.63575582013 1.62068496378 1.33890219302 0.9877663433 1.59668699736 1.3695136793 1.2745842629 0.897312941952 1.48979759746 1.27594726502 1.22238669029
3 1 1.06466064786 1.63136595514 1.51808804974 1.37925212326 0.993460583012 1.55440627426 1.47309883236 1.34884805852 0.87603930882 1.44361605611 1.34086609889 1.28772926556
4 1 1.0648363634 1.64303488125 1.39942523973 1.32985434458 0.999418589093 1.58325297671 1.33421246665 1.33130616768 0.856105640442 1.47580261436 1.24135463727 1.1744250624
5 1 1.05556296519 1.62592813562 1.51139575382 1.39270529177 1.0121527578 1.58717872009 1.5603167504 1.39288782458 0.861981149152 1.4444802432 1.47570098754 1.17579984133
6 1 1.05240723327 1.57705233216 1.63219060635 1.33806996927 1.02426228341 1.61057847642 1.66552730231 1.36521386687 0.819763289532 1.41069973364 1.55042778239 1.29648991198
7 1 1.04903308471 1.62902601161 1.53741098639 1.3223381599 1.0216211952 1.60715509563 1.48818475108 1.29788645547 0.848823835189 1.5112034637 1.34142967652 1.12467215605
8 1 1.06297326689 1.62920465117 1.57254281306 1.34278016847 1.00451922222 1.54830880975 1.55425923582 1.25009642244 0.84031028287 1.39332254788 1.48983623873 1.15125579151
9 1 1.06937754036 1.6504299019 1.52537480934 1.21936324567 0.984676503413 1.53750726678 1.52071305599 1.16925249572 0.871351243585 1.44200632962 1.37519251848 1.10257120307
a 1 1.061326217 1.53979975338 1.5625080154 1.30876929312 1.00405281867 1.5864476073 1.55472025375 1.29424413369 0.851205916794 1.36350254224 1.42217534697 1.17940237905
b 1 1.05747190038 1.54017478341 1.55209386009 1.30692489616 0.995591878621 1.53208478151 1.46960497378 1.21722555359 0.901642594711 1.42628730241 1.37934003947 1.19493861563
c 1 1.06459318517 1.60303452732 1.56582228051 1.40937312866 0.985744735234 1.54910591445 1.41788381816 1.36602154017 0.897119153058 1.44354769855 1.37781632639 1.14499394753
d 1 1.05129930632 1.59426090356 1.59466847742 1.41156825528 1.00247946205 1.54173327702 1.53155151467 1.38650371476 0.907761263126 1.4600049715 1.38469677007 1.172288464
e 1 1.06764443289 1.52362756706 1.61488329035 1.41185076 0.986635591704 1.58476679224 1.45915753985 1.31532841811 0.885411855188 1.46549767419 1.32011380144 1.20725805058
f 1 1.0709604756 1.68210986951 1.59384673367 1.31775979469 0.99214639211 1.63442992852 1.5724140047 1.32535240136 0.841086575291 1.39352470535 1.48466069583 1.33544611806
g 1 1.06277328755 1.62631138658 1.76007923632 1.47575216922 0.98046821399 1.60066855847 1.64665006056 1.35466034421 0.918639090519 1.58483043583 1.49882247793 1.34667568999
h 1 1.05185286332 1.64833915622 1.58952925661 1.37898742434 1.01744548253 1.56411425865 1.61053634817 1.27393548332 0.858285459429 1.39735714821 1.50800286128 1.29133854528
i 1 1.07009595887 1.62899497913 1.55344086539 1.24698943795 0.978567873373 1.55859229405 1.50699934839 1.17778064453 0.886662930804 1.48330647278 1.43607540216 1.12546389885
j 1 1.0695844789 1.5797319733 1.56668466072 1.27772652499 0.989715900446 1.57044020735 1.44194905475 1.27904369277 0.855355208921 1.43567097561 1.35995761776 1.11342248074
k 1 1.06563137693 1.57679951186 1.55712579652 1.36656001611 0.99744213316 1.58680943256 1.50936271986 1.35550460114 0.857448013616 1.4070656869 1.41286829075 1.1644081372
l 1 1.05207786767 1.63119912415 1.53058664952 1.33630464284 1.0171957776 1.59000791302 1.54467193397 1.27661043263 0.863830344473 1.46618239607 1.35434613541 1.15591775079
m 1 1.0431698214 1.63060147201 1.55893882917 1.39047550203 1.02055130281 1.61805651698 1.55757856341 1.31552251672 0.887030011325 1.53932510804 1.41673701586 1.24191383422
n 1 1.06520569954 1.66896826092 1.57559390747 1.36185816698 0.991714494197 1.58258897137 1.54966693913 1.26714845032 0.871547582601 1.50084748271 1.41669547157 1.17268656561
o 1 1.06346010412 1.6305398048 1.55456669645 1.30377446133 0.996136364485 1.61360195422 1.5039096167 1.21667032226 0.878094207985 1.48488664666 1.3076543615 1.20126137165
p 1 1.05491473245 1.64269632839 1.64845786737 1.29464320789 0.994692201885 1.56681237076 1.56244735094 1.33793469686 0.91491223575 1.498038969 1.42673253941 1.15815518816
q 1 1.0560019677 1.64217453383 1.65749145719 1.32751200515 0.992934396014 1.63351826751 1.51338933297 1.31582183675 0.915438373331 1.53985929534 1.42149310116 1.30439591264
r 1 1.04812922771 1.61703997571 1.58058600881 1.28207233231 1.00795691886 1.60946705076 1.44308086905 1.31396001381 0.906122090328 1.51670420087 1.40435537353 1.29322787458
s 1 1.04949490776 1.67597115462 1.67306874133 1.42872571482 1.02511827423 1.644902032 1.62573935991 1.39492014806 0.840755394698 1.43676851624 1.45383224879 1.34472627947
t 1 1.05237930283 1.50321466687 1.5622990466 1.40281613358 1.01332032634 1.54853296202 1.45089565418 1.30938596002 0.874314885514 1.45897230374 1.30724359124 1.22198927636
u 1 1.05214513507 1.57026018901 1.56049044267 1.36239533475 1.01100388373 1.56515278227 1.55894830303 1.2142814873 0.8832581155 1.43329806292 1.34118565416 1.20842526665
v 1 1.06941702868 1.58074579582 1.52300376697 1.43524423332 0.987567938566 1.56184391082 1.43681099499 1.33070466336 0.863364820416 1.38033389077 1.32187680784 1.17608145819
w 1 1.06124630009 1.67872229082 1.51505841543 1.3962284561 1.02071046637 1.61880856211 1.49636707699 1.37942428926 0.768800318513 1.38843309231 1.34713093292 1.20707270828
x 1 1.05850292379 1.6652405199 1.70505460238 1.45624530834 1.01294189073 1.59725075143 1.7743425946 1.43125568194 0.842167729502 1.53167810995 1.61139276539 1.38833595335
y 1 1.05991074452 1.59459139063 1.47557442514 1.39175652341 1.00462233549 1.57820031979 1.5552782198 1.39774540189 0.863098399039 1.45066440851 1.46000009795 1.20114017419
z 1 1.0619978401 1.59283906235 1.58387488258 1.40762371343 1.00588444766 1.59937436241 1.57246104838 1.38665297864 0.843939015131 1.44554530877 1.49009325535 1.1664750714
0 1 1.07272287164 1.61142464129 1.51834146884 1.30669264679 0.977570259915 1.51260689733 1.44017185098 1.28902324862 0.859712442707 1.42935475699 1.3278449458 1.13167211846
1 1 1.04043089037 1.545182166 1.34592562263 1.18356080117 1.02731390382 1.59100716883 1.36853175016 1.18289403977 0.868334083547 1.41073720142 1.31119992036 1.06528877286
2 1 1.06488461289 1.5874377473 1.55773006224 1.38397541445 0.992496998725 1.60353661398 1.44725542514 1.33038942166 0.884818221544 1.49605629105 1.28104157702 1.22773338533
3 1 1.07102403776 1.57370895674 1.56451223098 1.31164658297 0.992233767916 1.55226224915 1.48709965689 1.29047539374 0.838074896414 1.35031972304 1.33654282272 1.09527091727
4 1 1.06611075291 1.63165622276 1.36663305488 1.31608178338 0.993846888341 1.60284937715 1.3049420168 1.30962523641 0.864952147742 1.50202902774 1.28613653313 1.23223273566
5 1 1.0742541081 1.622089433 1.54182788407 1.41219630281 0.98587222117 1.57422674038 1.52573170828 1.34031141539 0.838532290555 1.42295739938 1.37050442497 1.12592464784
6 1 1.05555139154 1.62833654927 1.58994046869 1.37415740669 1.01992223231 1.59852074687 1.72171535608 1.50026328785 0.826756438084 1.46517492109 1.5481988927 1.49588917859
7 1 1.03347299144 1.65040531668 1.53045807685 1.33229454246 1.0361863753 1.61569181751 1.52109909546 1.38044245221 0.858598725294 1.51748111624 1.40317227576 1.28665773645
8 1 1.04537821811 1.59150941944 1.59464420347 1.36739394553 1.02532667759 1.63937212123 1.58533628403 1.32318091369 0.858243646985 1.39442707287 1.41459461046 1.22212109713
9 1 1.06884454181 1.62510659854 1.55031328901 1.30903931525 0.98855131992 1.53895498328 1.46198618803 1.0845068239 0.861690596574 1.43123520852 1.36584281443 1.06350976189
a 1 1.08402063715 1.59289495689 1.64716215321 1.3452029661 0.952989101982 1.50320044066 1.51304137605 1.31804735641 0.851933128983 1.449181605 1.25948908309 1.21381428338
b 1 1.08295967437 1.63161080884 1.82512464684 1.58248094061 0.961069860551 1.57440132681 1.64859050419 1.38192076364 0.872047784144 1.48002661913 1.43121913742 1.30048661636
c 1 1.07399723507 1.66628398585 1.77512630626 1.62405649614 0.985377540377 1.60197832189 1.6975133527 1.58447052747 0.859560714516 1.42515381434 1.52945660497 1.46153054914
d 1 1.0641647679 1.64845745927 1.80478299058 1.58195750904 0.990515034499 1.5990517136 1.67385855389 1.50969609832 0.895394626025 1.45499971089 1.62270999443 1.37784502664
e 1 1.06068434595 1.68891517516 1.76242668816 1.55999874553 0.986636530762 1.6117812667 1.61598821564 1.40108874715 0.913817903341 1.4899168806 1.47142532942 1.32890339298
f 1 1.0532082721 1.5521754142 1.67253790026 1.40376618177 1.02141592759 1.50251909058 1.54089590879 1.36223707962 0.831059010382 1.41053336617 1.49908065508 1.27272247773
g 1 1.06283620867 1.66551470016 1.78765628438 1.58327767603 0.970328146402 1.62884250153 1.63013077956 1.55343455291 0.933339181228 1.63234201619 1.45084311373 1.36945077749
h 1 1.06390796474 1.7432685398 1.78694486193 1.53013818666 0.97482366849 1.66489209671 1.64137900811 1.49431323753 0.922888694966 1.55331123763 1.68477552762 1.43386116912
i 1 1.06379623266 1.54001977876 1.54568451863 1.37661390691 0.991428520708 1.46513263035 1.55301891342 1.31355047527 0.888153052304 1.51576836373 1.33110940925 1.14613930835
j 1 1.06612355436 1.64833615775 1.70458056075 1.30964609781 0.991015483147 1.6112487956 1.51551738985 1.35372007892 0.877454155838 1.41994013557 1.36041395005 1.16801839031
k 1 1.06851129308 1.67637177274 1.66819235563 1.42573473514 0.977619909515 1.56690314374 1.49516927704 1.29481121253 0.896262914533 1.51404579425 1.3807998509 1.27298113729
l 1 1.05385993663 1.54174490964 1.61915277121 1.40067224429 1.01396702668 1.56247118058 1.57214581737 1.31007094417 0.858858212744 1.3423790504 1.21260267798 1.18101584665
m 1 1.04881779653 1.61944198404 1.71260502219 1.47256351482 1.0018087996 1.56739036862 1.55809133421 1.31647854013 0.912809917852 1.53823071356 1.51781544145 1.24145447176
n 1 1.04785563804 1.60871785793 1.66111133321 1.43788821818 1.01804729235 1.5647971059 1.56376822352 1.31549688655 0.875298710551 1.49090536672 1.38095742946 1.24593899315
o 1 1.05845389479 1.63535313899 1.63578188375 1.39034248447 0.998739958493 1.62298482315 1.42820019072 1.25339740195 0.891641513644 1.53373239424 1.32786278748 1.02969329742
p 1 1.06219569692 1.72862911913 1.68404947733 1.44841454968 0.990309135511 1.64761596357 1.60592904461 1.3137476216 0.900473849015 1.42278152117 1.46220471929 1.30558762388
q 1 1.04577241789 1.72613927753 1.72148191582 1.56607507897 1.00334330612 1.55681058751 1.5938073068 1.31674480862 0.925082108664 1.47011569341 1.34849336863 1.26989917075
r 1 1.06419802984 1.55836162325 1.48412869616 1.32126737724 1.00528376477 1.47334792139 1.50487397518 1.36527770788 0.834940708595 1.3576388094 1.27794247421 1.10432710618
s 1 1.06290584821 1.581044489 1.71624472181 1.45117415716 1.00415579391 1.51283022029 1.63799336009 1.30695590379 0.847628908187 1.42322491207 1.46574583303 1.20117286148
t 1 1.04909164955 1.67870263111 1.73102685045 1.38477402391 1.0084187403 1.60523714779 1.72843423008 1.48108735478 0.904593322487 1.46930861504 1.58639373331 1.3878014217
u 1 1.05778758332 1.66306670941 1.74527911466 1.59093664182 0.989775711167 1.65490223038 1.6280434788 1.46498309904 0.916943912721 1.60378387178 1.44906440544 1.30579441474
v 1 1.06201778405 1.70547357386 1.70884995712 1.50297944597 0.988649289891 1.54991829689 1.61400725978 1.4106072319 0.904544147276 1.41819137493 1.42716870525 1.38109904392
w 1 1.04595110938 1.66500987446 1.68429954096 1.42930307417 1.04343768414 1.7132081742 1.63633461012 1.34688875213 0.735808074272 1.39220039866 1.27888834459 1.20178324343
x 1 1.03603847256 1.65461833354 1.68855938816 1.57741121532 1.01761126272 1.63289215989 1.68496717618 1.46193982222 0.919055687225 1.56633576753 1.68779758354 1.37746121355
y 1 1.06807706285 1.65132602735 1.6389681744 1.37910440727 0.972771363623 1.37825234278 1.59551928861 1.30862546339 0.911086746033 1.45980875724 1.46611908525 1.19870634709
z 1 1.05158921663 1.61531983684 1.66706162918 1.43967559569 1.01495954308 1.55071167522 1.65232513702 1.40376067838 0.874099069649 1.47189781846 1.5100839827 1.19036715764
0 1 1.06371185249 1.52395218376 1.59214342217 1.378606809 0.978724519427 1.54749924217 1.60382928025 1.05378260278 0.911965589648 1.49053600138 1.49974287599 1.05973350084
1 1 1.03874519322 1.63450576862 1.45167688239 1.41436656064 1.01120830124 1.5159020685 1.50768337778 1.42457995532 0.922416460163 1.4820770381 1.60950992647 1.28321734551
2 1 1.07935635495 1.60972406971 1.815633227 1.64988244069 0.972852516535 1.6146573748 1.67335431092 1.48180048857 0.86401582915 1.48612268224 1.49540795673 1.25055280692
3 1 1.07080146527 1.71552081292 1.71594349217 1.48312502386 0.982750794121 1.51926370289 1.68980566172 1.46639992152 0.883244899849 1.42461368218 1.45261108256 1.18470882682
4 1 1.06995980963 1.81651157753 1.5377457918 1.46966835158 0.982392323995 1.71199323042 1.44687685629 1.46156148679 0.893701733617 1.67330821036 1.40632845186 1.46772846544
5 1 1.05007652253 1.57256428925 1.59244167678 1.44070362968 0.978798181904 1.50608149999 1.41513920965 1.24636345048 0.949313988197 1.51361416668 1.44221878155 1.24535767064
6 1 1.07576363516 1.78944327812 1.93112696997 1.72526977717 0.994655008422 1.72507026043 1.82705353827 1.69196736874 0.841001959929 1.56911704776 1.62319061874 1.50676862107
7 1 1.05422670908 1.57554257881 1.57136627565 1.40831480432 1.02985009677 1.61670636629 1.58908997199 1.30352326801 0.730873467879 1.30361303225 1.20162233699 1.17192554785
8 1 1.07258515719 1.72710432987 1.73353564299 1.41244337191 0.9924653997 1.64363510267 1.51872298449 1.42712581022 0.848025523833 1.44728086923 1.38922633529 1.35364262695
9 1 1.0776781755 1.639469902 1.68503271158 1.39037575992 0.975195069867 1.52957768005 1.55844458028 1.35748219407 0.855261966173 1.39940123361 1.31129508029 1.19670664873
a 1 1.07846651395 1.61062046603 1.68329538953 1.46596584146 0.966061014072 1.58538606762 1.5300204953 1.34964140399 0.871137265053 1.39207661519 1.36068235241 1.25335439878
b 1 1.06894761488 1.66642467042 1.78660465315 1.58812540149 0.981027280968 1.61961699022 1.66250393118 1.41227493112 0.893476750389 1.47189330042 1.49372486691 1.29116777614
c 1 1.06323620361 1.72902656692 1.74747263328 1.56003784922 0.978891468284 1.6428764778 1.61508236417 1.4963887427 0.919423447372 1.49961179107 1.62169202436 1.40172677418
d 1 1.06619562524 1.71430306497 1.74893154329 1.47331606368 0.976884319486 1.66816963139 1.57593048566 1.31367749311 0.913629749171 1.49236448506 1.40026839675 1.29463114628
e 1 1.06659226769 1.59112051813 1.74880876811 1.54540137841 0.977530962997 1.62781273135 1.56573204474 1.34648608634 0.906585020323 1.51239633236 1.34818899217 1.22349009702
f 1 1.0471173629 1.63554373507 1.6961595575 1.58293552798 1.02732238221 1.63232509698 1.65307323154 1.43305309849 0.844575768205 1.46272675605 1.46721992019 1.20979223601
g 1 1.05678288915 1.59819910805 1.75407316132 1.50402780371 1.00962197684 1.52624890049 1.66249953229 1.5388495661 0.873615541887 1.50734610468 1.51133111332 1.43647748503
h 1 1.04372784362 1.65161073923 1.65440134992 1.51667448252 1.01978854773 1.61750824556 1.63427759769 1.45665092174 0.887397149761 1.48206461263 1.54350432181 1.42461675175
i 1 1.07702826833 1.51502553397 1.55276182706 1.37446473885 0.967620821263 1.50762364103 1.53597936099 1.26610270568 0.873950752238 1.36567995637 1.36229202806 1.16919700469
j 1 1.05957833027 1.61525297521 1.66821605275 1.36104319274 0.988546441323 1.56129925834 1.52168776647 1.30751063741 0.907339833804 1.47661283845 1.3741512126 1.23029378847
k 1 1.04170262459 1.68608065712 1.62209441073 1.37414413199 1.00660526475 1.59788898739 1.5580619276 1.27181561175 0.9274527952 1.53916228145 1.362735899 1.19976148515
l 1 1.05597761388 1.5882396926 1.58885625124 1.24624006381 0.996469754464 1.42272226887 1.38173239048 1.27248483294 0.903575522172 1.5110368533 1.23376279777 1.18199884133
m 1 1.08343519821 1.66088752869 1.754734903 1.5021372065 0.948649494373 1.52627945398 1.46361640891 1.27656539785 0.89031343941 1.30073817518 1.30366715402 1.24223364837
n 1 1.03854308409 1.68992307208 1.60222025682 1.37862008319 1.00835231377 1.55592557079 1.52223244287 1.23862040243 0.930312119102 1.45614411314 1.45967864099 1.23699220365
o 1 1.06468568646 1.61354591584 1.67382170984 1.45204223017 0.994162979116 1.47043615263 1.37685215652 1.32423082996 0.873107575007 1.37416304744 1.20785355033 1.15721595812
p 1 1.07329867379 1.6658920329 1.72515311288 1.52586164782 0.966437912939 1.63072477708 1.5574696578 1.33253783073 0.906174123635 1.58185760113 1.42140408007 1.23742259675
q 1 1.07766034601 1.630408437 1.7679717041 1.60395280112 0.958672472507 1.54678100625 1.58065501484 1.39909670214 0.900480732318 1.44913953524 1.45045051385 1.28130688129
r 1 1.05161873038 1.57304587766 1.37552951636 1.34735134804 1.00386258319 1.49956140045 1.3865891728 1.24059603981 0.900267229758 1.45089815366 1.45792383495 1.2232051169
s 1 1.03548352914 1.64813391069 1.62981592043 1.42361561457 1.04550794645 1.70278991417 1.62922747443 1.38209175246 0.819753477028 1.46684314965 1.4785238601 1.34716179366
t 1 1.05668031497 1.73266445809 1.73515220461 1.5808211934 0.971458807235 1.57023539434 1.59000751446 1.34211443947 0.946483055093 1.6036600145 1.42438734423 1.35572883565
u 1 1.05937186714 1.68634101346 1.75012424171 1.54567544198 0.969725134649 1.62709877382 1.61297133789 1.3717452973 0.941786738827 1.43110010774 1.38267649819 1.27924696209
v 1 1.04797246053 1.67612129862 1.75552963447 1.50415389187 0.998329271969 1.62811394075 1.63956219629 1.45112241844 0.927204541697 1.50867232353 1.37454256028 1.26048941629
w 1 1.06087834798 1.70577149683 1.68665314256 1.52261955451 1.02245421106 1.64387217195 1.59917276823 1.3755199063 0.752509967781 1.36019858922 1.29079374465 1.19789468477
x 1 1.05575442314 1.6481366033 1.72537527355 1.57546838466 1.02629039116 1.57066067844 1.6336570186 1.4505141113 0.805206758621 1.4962670565 1.48277579486 1.39882446166
y 1 1.05490539488 1.43414742848 1.53393365905 1.27671542281 1.01305481884 1.4201589636 1.56467085174 1.27857024602 0.862180579585 1.42614835068 1.37760441799 1.14701224201
z 1 1.0581775142 1.60935735561 1.63861115065 1.40876921414 1.00210646907 1.56003834237 1.58018505967 1.31564266667 0.878181680844 1.44693231086 1.52805197055 1.23484660625
0 1 1.0772857606 1.60386124112 1.68991503868 1.42528899146 0.958066743471 1.51786595891 1.50629143625 1.17813174558 0.889777266727 1.44176891586 1.49749918159 1.12035402731
1 1 1.07023459748 1.73854112384 1.50489575489 1.46644329186 0.973838115231 1.60121422161 1.54120077713 1.27983640744 0.903264906496 1.43005188069 1.35473591677 1.24026356298
2 1 1.0710386195 1.62051197743 1.6971712369 1.50190391074 0.962846393986 1.54081346776 1.55702857925 1.3655493874 0.918976322395 1.60955365381 1.3624308804 1.29150833201
3 1 1.04123834419 1.65213477517 1.65352920762 1.19141635685 1.01533763037 1.65491512345 1.57605046777 1.3219861809 0.910708957398 1.53851734266 1.40926838668 1.2120735094
4 1 1.0250301266 1.68343751068 1.33936734902 1.31845355219 1.01759032071 1.66198794177 1.33577439541 1.2097949447 0.943353185519 1.58203566879 1.26669676074 1.10385255472
5 1 1.07796496228 1.59859377885 1.6529726214 1.47513671114 0.966578987496 1.60249487779 1.57325721264 1.24541181861 0.886012736256 1.51316131023 1.31146843034 1.18166084579
6 1 1.04162239975 1.77037530162 1.71304431857 1.44782328383 1.04252904131 1.74246813876 1.75916299087 1.45464443032 0.825799663575 1.55799052 1.55133494363 1.34717283851
7 1 1.031528974 1.61719343251 1.62752772103 1.40208554407 1.04049879768 1.65164694476 1.58647702272 1.44278208988 0.851136604647 1.53729824466 1.49219231835 1.31347976941
8 1 1.04998317716 1.57688251162 1.67290050912 1.53285618792 0.998565349421 1.58047274362 1.4932832626 1.30688409025 0.919174008614 1.50413048876 1.59593939061 1.39445974519
9 1 1.06950707654 1.52072702468 1.72483553023 1.43564430227 0.987494911132 1.4976929853 1.60714638502 1.39330861643 0.869915151603 1.47539262989 1.38033246844 1.28240159988
a 1 1.08229733617 1.57478169243 1.62794538362 1.3977881696 0.971847440664 1.52791513229 1.49093575621 1.25151252614 0.831534222122 1.34461096013 1.21095135454 1.05850483881
b 1 1.05956427926 1.61159242572 1.74814769997 1.52283567794 0.987211954216 1.61926772672 1.64062867925 1.42468339253 0.914914701978 1.4670582617 1.33459346085 1.29598861592
c 1 1.05074265565 1.60564707951 1.63358688634 1.44496904199 0.991643945727 1.59551936466 1.69161522278 1.35905915671 0.929579853215 1.42694907877 1.36828900109 1.27195971672
d 1 1.03879558704 1.64531890682 1.7639441078 1.45785417304 1.00723493106 1.61784789157 1.64788477093 1.44066230241 0.933252881741 1.47400592394 1.42237023692 1.20253346301
e 1 1.03651655478 1.52544097496 1.60594341616 1.43873284469 1.01450749496 1.52362234933 1.57065668984 1.33410227186 0.923963338909 1.39088271303 1.3396979891 1.27258460815
f 1 1.03489518035 1.52324121386 1.62485164693 1.3715538911 1.03206939285 1.497217812 1.56566488316 1.34543114074 0.873741055288 1.45317312728 1.40218246491 1.3176932674
g 1 1.07525326906 1.56055891919 1.74416004349 1.53451416998 0.96299650365 1.58057719389 1.49064421193 1.27282555032 0.900664925202 1.41126499578 1.36726584215 1.15927705983
h 1 1.03718044062 1.63348026885 1.70101062229 1.40627024213 1.02856769262 1.55138709588 1.66969211277 1.57293581523 0.885461966334 1.47563412928 1.60984186452 1.48051160699
i 1 1.06686346899 1.47970993707 1.57431429769 1.38156458646 0.993008502784 1.43335533314 1.59191256048 1.29311002355 0.862690692529 1.38965028503 1.37497488596 1.23445086035
j 1 1.06303397011 1.57007626279 1.63828390139 1.40784311805 0.995384044361 1.55528573576 1.53870507273 1.32370553341 0.880418226489 1.49250169417 1.35446783968 1.17880185785
k 1 1.05797247904 1.57810759045 1.64132412374 1.38405907799 1.00433431602 1.58116440911 1.54791578114 1.4012534346 0.880728717299 1.44660922533 1.40298563882 1.20027002133
l 1 1.06494545787 1.55193456335 1.64501682405 1.47813729004 0.992746809017 1.50971988502 1.45002107508 1.21721791715 0.871513306726 1.44731098718 1.19988839594 1.157196245
m 1 1.0674670201 1.60278756046 1.62446057167 1.37190097908 0.990078087534 1.58166600124 1.54351858563 1.34642977352 0.875351915721 1.32286352101 1.28478932597 1.24688457453
n 1 1.05329855987 1.56255097007 1.63363153172 1.30341043138 1.00901441523 1.57152516717 1.5854941872 1.34540946736 0.877670277997 1.4466119178 1.46661888373 1.16188858971
o 1 1.04523316021 1.54361081184 1.5780473639 1.37127746717 1.01493398719 1.54247416669 1.58607382366 1.23697345044 0.894441780695 1.30458874691 1.23458789114 1.19895400661
p 1 1.08261319935 1.68148060726 1.79700128843 1.5651210156 0.95850434745 1.50653723929 1.62363881048 1.41686466259 0.877637425502 1.37309472767 1.41799800301 1.29935345521
q 1 1.04915342583 1.68112266824 1.79103380839 1.56115538506 0.999487405127 1.56825961973 1.6581041201 1.43284567852 0.922519524717 1.50570395488 1.43953791178 1.36342556379
r 1 1.03118004896 1.35423328733 1.4052750738 1.30907784634 1.03564159123 1.44707060826 1.39006771274 1.29411292846 0.869921074031 1.37115414268 1.32801979945 1.18301248514
s 1 1.04083619033 1.55753586052 1.70650134981 1.43153489189 1.04077414674 1.58195774132 1.59812741249 1.40449641399 0.805804878518 1.41089643837 1.35710870032 1.2128028844
t 1 1.06451155671 1.6559551018 1.75139019467 1.49723121119 0.974083988205 1.41634254544 1.59411528351 1.45972878012 0.9211276485 1.44878886675 1.32156467706 1.15754880483
u 1 1.05991438959 1.48871122119 1.64849730709 1.39316339061 0.977446061799 1.6485143981 1.61624171975 1.38488144009 0.930790008472 1.50535276109 1.4076116257 1.26452382657
v 1 1.0605204852 1.583896007 1.57880068122 1.45647968931 0.982249875828 1.62102651394 1.60612908863 1.31432130663 0.920093590605 1.42698471988 1.35080924767 1.22430753625
w 1 1.06207928219 1.63725339354 1.72504862672 1.33872765429 1.01773713676 1.65256462518 1.63433763024 1.26114764409 0.801526286582 1.45642006792 1.2970993825 1.20928810225
x 1 1.05133043686 1.65470407635 1.65759302903 1.42308608773 1.03399579621 1.63585787559 1.6377796469 1.43055581054 0.767281677292 1.39955050951 1.48048173549 1.28728573893
y 1 1.06110527972 1.63909974975 1.41629972436 1.31085046313 0.992037853527 1.5634899309 1.47567072961 1.28818126039 0.89433919957 1.45535840183 1.41181906043 1.21118533497
z 1 1.05654119097 1.49074320369 1.62466223915 1.45259870035 1.0210848295 1.51081937932 1.62053794702 1.40313261112 0.769599844877 1.33999221488 1.3606130885 1.07473006703
0 1 1.0575256672 1.58742811775 1.727155271 1.39475487586 0.984459348844 1.52448791958 1.59011021301 1.28767189765 0.921726341997 1.44949139737 1.51717739542 1.28907377028
1 1 1.04686006129 1.68625058323 1.53046834929 1.42564458965 1.01950802346 1.52235027673 1.5193318665 1.4068042716 0.879648158828 1.43644712337 1.45617282926 1.16317681938
2 1 1.06405211636 1.66186532608 1.68587911439 1.485678427 0.983610591985 1.66112385164 1.58822326009 1.46860510017 0.907672375778 1.57412567675 1.4714981705 1.32901364476
3 1 1.0665626417 1.57106534105 1.67697225997 1.39650886095 0.995046215548 1.53659699573 1.5645678846 1.40289240481 0.863060516621 1.45217788218 1.43304867026 1.22119666919
4 1 1.06601963632 1.72304633215 1.48724454154 1.50214883511 0.987511691911 1.50158485784 1.41197867476 1.34749490159 0.893626718227 1.55700608252 1.2781675022 1.16948297368
5 1 1.08126430345 1.57104101181 1.60005455352 1.31172692553 0.949912488237 1.36013689746 1.49940362134 1.23531319996 0.88950196937 1.47796437753 1.29508726656 1.15460044835
6 1 1.06733536276 1.69023650378 1.72179903964 1.6344226177 1.02747730424 1.65267765672 1.7941240608 1.49860691335 0.662587055016 1.35360037481 1.30924388879 1.22110287155
7 1 1.06396703082 1.66500082118 1.75674067774 1.52731890124 1.02461484907 1.6729501296 1.65521493691 1.48367548396 0.715721394305 1.39919813055 1.29258365038 1.24210042633
8 1 1.06564036906 1.69019668972 1.74305012938 1.42792633867 0.99886366317 1.55015815942 1.57951107843 1.42639828158 0.860523658444 1.426951608 1.45246188102 1.28183448494
9 1 1.05730015357 1.59972547231 1.62506835119 1.36767955901 1.00289764384 1.51652814489 1.70327128643 1.37111356975 0.887709180606 1.50411607378 1.48276455922 1.25926674658
a 1 1.04658639489 1.67883877358 1.70336542765 1.50517067091 1.00363497734 1.6589095653 1.60664896521 1.45716515124 0.921992847637 1.45643673675 1.4243646075 1.39435629114
b 1 1.0812122488 1.66244468782 1.76442716088 1.55818397178 0.972372139212 1.51710250768 1.56763436004 1.337407488 0.849433423307 1.4024710225 1.33428636651 1.23016230505
c 1 1.05557551657 1.66807555069 1.70484622298 1.55401176114 0.993991781398 1.5200512114 1.64696487867 1.35740357346 0.914707063269 1.47786749793 1.46490465762 1.43063358417
d 1 1.06750091727 1.66156545699 1.6570994289 1.41977174871 0.961259855072 1.47147632971 1.49181622482 1.37659294994 0.929856353163 1.41525121105 1.41207943426 1.31723326825
e 1 1.0363271269 1.71194842279 1.55767156322 1.42372119032 1.01893301381 1.68167598207 1.45279416996 1.37248581063 0.916310622107 1.55196509299 1.41950484648 1.33824753368
f 1 1.06392527392 1.59565976873 1.74027091182 1.45571484286 1.00113001237 1.6397143337 1.62634244897 1.35899067219 0.863692217286 1.36649929191 1.58363860074 1.34844254608
g 1 1.06267448075 1.6523515521 1.68566130108 1.42128948815 0.992975486926 1.54675506532 1.53148776155 1.35672479472 0.891881824921 1.42949783131 1.35756163698 1.32801651297
h 1 1.05127622337 1.56098057597 1.54287853293 1.40876447706 1.02160391238 1.57404677479 1.61875439163 1.39153302107 0.854698915911 1.52878789505 1.34647050742 1.33455384809
i 1 1.05282541115 1.3768533878 1.43855684775 1.14723755599 1.00417706401 1.50668914593 1.55334267569 1.14129819268 0.895166770687 1.48000622172 1.3246676467 1.15748776347
j 1 1.05133641247 1.62542998603 1.51699240571 1.31329135164 1.01022671813 1.59632780856 1.48992104773 1.28909570075 0.885290330841 1.50379982358 1.35833575297 1.24440736184
k 1 1.06266084926 1.62650449727 1.68045689931 1.50203348178 0.999031749561 1.49293375107 1.47512907722 1.21944327642 0.874043747094 1.43439559587 1.39636624145 1.29059370017
l 1 1.02409650975 1.51581064723 1.64856085743 1.28852114548 1.03458166776 1.66431511481 1.58865402518 1.26301622644 0.904105899966 1.54833276306 1.25942665873 1.19668930915
m 1 1.04532492008 1.50250799944 1.72040962832 1.37859872427 0.982765575543 1.52498324069 1.46227413877 1.26635968734 0.955227492117 1.46548432605 1.29164201816 1.13764986195
n 1 1.04424844403 1.44412402567 1.54153229317 1.33398241152 0.99561114964 1.5480990685 1.48393515656 1.37596510053 0.939615930669 1.41931437066 1.36668297377 1.26540659688
o 1 1.06183697273 1.61349902735 1.66052560243 1.3506966005 0.996583847263 1.56890320991 1.46166561444 1.28409523083 0.883120777492 1.49095057034 1.16510079837 1.09147370159
p 1 1.03975424306 1.65857492888 1.62017627172 1.45369851928 1.00020001304 1.66223368135 1.54017908976 1.40334334832 0.942307784657 1.49790210385 1.27390881674 1.30871771269
q 1 1.12483327064 1.76625803924 1.64840635887 1.64252404375 0.87275899851 1.63145129374 1.58309958388 1.36957182651 0.763198768989 1.51848838649 1.41087664097 1.36426388055
r 1 1.04101720698 1.51617298574 1.52179284638 1.26906925834 1.01505515768 1.4504823626 1.50233618502 1.24694201625 0.907181601791 1.45995324286 1.4281894229 1.05403263903
s 1 1.08324473716 1.57576968673 1.73382067583 1.48694528583 0.968446607783 1.56588917189 1.56353837222 1.41716985583 0.842732616772 1.38113454292 1.50289694183 1.41668347868
t 1 1.05666123366 1.63719449956 1.65174450786 1.44184514257 1.00141175827 1.57890658628 1.52545181372 1.45763712503 0.896201417583 1.46737003435 1.34823761447 1.34268098377
u 1 1.06502004489 1.67623393042 1.71029828734 1.41519167595 0.992722327359 1.61124087145 1.5398488245 1.42668195548 0.883599419055 1.49518412713 1.260849007 1.24419518181
v 1 1.05857547462 1.53952691236 1.50609114988 1.29445910712 1.00132779781 1.48234387849 1.38106755848 1.30643049772 0.878412667066 1.41143279624 1.29944116445 1.21768711845
w 1 1.09334143798 1.73931948605 1.77830916238 1.64890713584 0.951272812238 1.67896012775 1.62074696742 1.37081457828 0.815462250173 1.44176433803 1.24224195555 1.25241790135
x 1 1.03405074921 1.67506104757 1.72238414472 1.45072085043 1.02693535239 1.64641990721 1.62162707577 1.35977225578 0.897986292615 1.57887062334 1.56793879647 1.34536659757
y 1 1.04772135403 1.62523144339 1.42710838283 1.28262806873 1.0109718816 1.51141366353 1.44626682749 1.27478357604 0.897219884203 1.51499688844 1.36493710373 1.19476444227
z 1 1.06101737805 1.56685179359 1.63829604938 1.40253751389 0.987875944692 1.4709725826 1.39670674783 1.34904387227 0.907399405862 1.47483511266 1.41340899219 1.32319542797
0 1 1.0349207062 1.48302028919 1.59984321036 1.3017551859 1.01546172854 1.51615907119 1.5853294887 1.08562288822 0.922695408978 1.51513816701 1.4655441382 1.05861523127
1 1 1.08326092473 1.52952259738 1.51324022057 1.33798670886 0.968061873939 1.4414564275 1.4153943843 1.19846614004 0.832142308487 1.29611760652 1.25130358681 1.13206962161
2 1 1.05667627064 1.65811385633 1.65655652206 1.26967335588 1.00351612866 1.47961716229 1.53328987632 1.34722203886 0.889597933851 1.42971421465 1.41903723249 1.32946556563
3 1 1.04472466518 1.64101629675 1.60269353346 1.37916810867 1.0088689456 1.62534658621 1.57032741519 1.35696128722 0.913028481842 1.53939581313 1.46069872366 1.31660798185
4 1 1.03766532151 1.51880668614 1.3330567744 1.25123269162 1.01173517236 1.47404193132 1.27624725189 1.23026735228 0.92576939786 1.39212298971 1.15828143472 1.10825313784
5 1 1.05627073935 1.58725765386 1.5292712268 1.22999450881 0.996158679038 1.36052768791 1.44776904885 1.20214800134 0.900057792971 1.34308672742 1.33121149802 1.11257822247
6 1 1.06286673058 1.68762544654 1.70374551251 1.48292566035 1.01190852066 1.6913634995 1.69220938739 1.46564787471 0.83177305434 1.45749751328 1.62143772306 1.43065877978
7 1 1.05827374753 1.70343240787 1.65010259581 1.52919487314 1.02335368414 1.60233251007 1.59386240637 1.51737890454 0.780349309526 1.39553554051 1.37859124961 1.2608331516
8 1 1.04093268621 1.62893232529 1.65901002926 1.42897804816 1.02001403497 1.54280668325 1.50933648269 1.38482626558 0.89667995158 1.50024907909 1.49118585947 1.27941112621
9 1 1.04393888448 1.48025459518 1.62159218615 1.28188301678 1.0052158046 1.38770611662 1.62262485282 1.3109842543 0.924437066813 1.38831625161 1.42595200218 1.29472738972
a 1 1.05231078332 1.54413861966 1.65828742395 1.37429205542 1.01319980957 1.62798807891 1.4605533423 1.34724303386 0.878299861171 1.34358041583 1.39460479581 1.14587964108
b 1 1.05713885891 1.57846563558 1.61107538224 1.41202599025 1.00396302999 1.50685982489 1.48415826609 1.24380464538 0.888722487383 1.42146494752 1.32952412809 1.32835358724
c 1 1.04737534971 1.65451582867 1.48291415887 1.37195465407 1.01005923845 1.65526521206 1.5043360824 1.36156059223 0.904216840186 1.49920593654 1.3320866467 1.19824460879
d 1 1.06019330922 1.63717087488 1.65447238782 1.51460664622 0.990693659563 1.45339484801 1.56109697274 1.3955205754 0.903868729853 1.33208595753 1.38438989831 1.34138826479
e 1 1.04486300571 1.64947416629 1.57047256395 1.44576584397 0.999661072915 1.51001885341 1.4475593512 1.27292963713 0.930896577509 1.48196682197 1.27472209035 1.21698931137
f 1 1.06017306387 1.52550359739 1.72127861558 1.53930417797 1.00669227835 1.58535577082 1.67477309166 1.41043305828 0.86037157797 1.43657395656 1.49067726531 1.30806832728
g 1 1.05616139595 1.56296321067 1.67164099405 1.50203522737 0.998761756819 1.46359139917 1.50647554154 1.35592850078 0.902282816405 1.41468297594 1.33033048883 1.27871784663
h 1 1.0602504215 1.63669751577 1.6935153301 1.43890228583 0.987262214719 1.63322140096 1.62691773941 1.45532990333 0.909780480351 1.62294596571 1.53478961252 1.26864173773
i 1 1.04101961176 1.44983324317 1.59170149895 1.33817506118 1.01227102595 1.34353031292 1.55081384209 1.23764095088 0.914168071175 1.29084217868 1.40612655442 1.15709030055
j 1 1.03779948969 1.58601324625 1.56420110568 1.3364266963 1.02774609767 1.42775115002 1.49087322024 1.34948803177 0.884957275941 1.34946756544 1.36945307156 1.18025033169
k 1 1.05303897489 1.60764093932 1.58562628921 1.31703122812 1.00225701978 1.44994858723 1.43013313452 1.26454233442 0.895804057349 1.4468327762 1.33263104344 1.2504189173
l 1 1.02657990766 1.51862543496 1.55460198543 1.35002943205 1.02416624533 1.57969100396 1.56933430436 1.36683646515 0.922804326668 1.44075769867 1.29208722564 1.21552937401
m 1 1.05644793243 1.49554413448 1.5879567904 1.36827063077 0.993002439894 1.56911101771 1.53232790287 1.250030315 0.911631470286 1.39307330359 1.31098803117 1.192598499
n 1 1.06625700396 1.58658671553 1.66901364846 1.48451402899 0.994371806318 1.57731681351 1.52962971865 1.29078474497 0.866613459794 1.35250738041 1.24349330618 1.18636575577
o 1 1.03702144399 1.52293257772 1.63808026389 1.27608008516 1.01199071426 1.41603582424 1.40447482864 1.24268760489 0.925839927438 1.50557694186 1.38277970739 1.19771672669
p 1 1.04157011928 1.66335583637 1.55950775057 1.35560575247 1.00653544923 1.47922841476 1.44603654336 1.36124945482 0.926534883168 1.4777272221 1.29696111256 1.27868046104
q 1 1.05553356257 1.71562148863 1.68984810525 1.44450307163 0.997273289774 1.62784694629 1.52915831958 1.41286343352 0.908926549341 1.51260838809 1.29356813579 1.11374658932
r 1 1.04509285063 1.46544345375 1.54640298006 1.22769093601 1.00656975854 1.42771906561 1.43010439132 1.26897589479 0.911613326276 1.45123698848 1.37686432323 1.25914369451
s 1 1.04925941335 1.54118732488 1.71084770638 1.46743877749 1.00695443806 1.50148688393 1.63982539985 1.39000811221 0.904569491642 1.45410696176 1.54231042142 1.36672144171
t 1 1.05599822916 1.64934047487 1.63012992842 1.35693737077 1.00338777186 1.56611428372 1.50874956332 1.36682038437 0.890884685676 1.43408960412 1.30011642153 1.31888289951
u 1 1.05085552945 1.70957309087 1.60330042282 1.25511282943 1.00560602644 1.56305468838 1.57077004854 1.26200953912 0.905126483895 1.52029093292 1.35007068048 1.27590420784
v 1 1.05582553983 1.61610931578 1.5000092891 1.41816383003 1.00154102183 1.43568581219 1.56189179753 1.31978923591 0.894622859079 1.38926733452 1.3006299757 1.21263523804
w 1 1.10398699591 1.86288383342 1.79357996601 1.55094361097 0.919503560088 1.65638569696 1.6055770481 1.54469614034 0.8264757562 1.5085640243 1.50798317474 1.43993403979
x 1 1.05429099321 1.58138746086 1.71569737731 1.41589928145 1.02835818085 1.54553334568 1.65600408264 1.39281204349 0.799991858913 1.48986510678 1.50251364385 1.31852084204
y 1 1.05883016636 1.60988680724 1.451091166 1.15869731434 0.987240589477 1.35828458661 1.41635809554 1.21096356639 0.909562334504 1.32266392906 1.44454515939 1.23815797334
z 1 1.04775627379 1.53152408731 1.5070706196 1.37058821384 1.00928963599 1.47543015364 1.52939125513 1.3356133568 0.904798859814 1.4126950114 1.40423626781 1.29634292383
0 1 1.03191855678 1.59727815855 1.55773942856 1.17235488284 1.01633919482 1.61664002812 1.49593122171 1.18157611904 0.92813092833 1.50553777818 1.53768160165 1.15036864859
1 1 1.08399493026 1.51810341596 1.46488628893 1.32700349824 0.971343459503 1.48177486884 1.47505768549 1.18080226634 0.824384779658 1.27219047912 1.32325496024 1.08296455563
2 1 1.04819475589 1.60504652835 1.60935728267 1.29808218888 1.01313521194 1.68969670629 1.53232668357 1.28523167344 0.896044624574 1.54101560264 1.31622859469 0.994869104462
3 1 1.05093483992 1.67510681229 1.59537639242 1.29663111256 1.01462334348 1.51649403551 1.56424795826 1.33440644275 0.881189175627 1.40096221332 1.42288002602 1.31223546487
4 1 1.03497880501 1.55467984403 1.33200571315 1.21299255999 1.01493392147 1.60184236676 1.28720580266 1.27623177182 0.925155485848 1.53837612726 1.23074732149 1.15545872628
5 1 1.05525861118 1.58099656387 1.57476341881 1.31489727631 0.998572496589 1.37417992144 1.51065103451 1.19602032918 0.896628137625 1.35706747001 1.3848003681 1.23767382469
6 1 1.04015545698 1.63543748683 1.64181932153 1.47722358439 1.03182862011 1.62395152339 1.6864859606 1.45706659838 0.862260498333 1.55920055563 1.49115312947 1.28793487818
7 1 1.05728894549 1.69474306678 1.67189905903 1.48010451072 1.02262289743 1.58230041287 1.56587698864 1.39654454982 0.797103596747 1.39621438642 1.31239047714 1.18365779196
8 1 1.03495559378 1.52797971647 1.5865363724 1.41149127072 1.01642492584 1.4664860602 1.53319940202 1.36297651611 0.921837603284 1.52806555808 1.50785624568 1.25188703021
9 1 1.04740356936 1.45694032557 1.50681115874 1.24169429039 1.010676661 1.4130428791 1.63053383796 1.19711323643 0.901919822697 1.30231704794 1.46284451023 1.23277171539
a 1 1.05039734598 1.54901456474 1.5537156766 1.36669648638 1.01021898281 1.6349965818 1.48064282265 1.30280408342 0.890775532432 1.43065379569 1.26106984142 1.22567315473
b 1 1.04226266317 1.4649950225 1.53868288917 1.43466767137 1.02515325276 1.45935880466 1.53534613865 1.30014616824 0.874758572784 1.413946811 1.30711475622 1.22959409773
c 1 1.05534214876 1.62840571116 1.61522024027 1.42044922844 1.01347473301 1.50657197742 1.59158908744 1.39642981876 0.86150587663 1.36326243442 1.3251617973 1.27895091818
d 1 1.04933158492 1.5296768276 1.48273738088 1.3889539094 1.01450184784 1.41307993734 1.46599561592 1.35074872447 0.88065045134 1.3409955593 1.31514216645 1.22348099312
e 1 1.03790556017 1.53930800921 1.5201973435 1.33607126603 1.0020514386 1.62031339366 1.35057468661 1.29926053358 0.943103149023 1.50255137387 1.32326332102 1.2354210236
f 1 1.07712875576 1.68329442705 1.79846529303 1.44302512762 0.972962218185 1.522744848 1.63656071915 1.32165717082 0.867414894338 1.35688963912 1.56585474733 1.34077635078
g 1 1.04891432038 1.58090234298 1.55246120602 1.49107105976 1.00554173191 1.62511273314 1.53309207852 1.35231351656 0.909112060733 1.4987300019 1.37546137124 1.19379759441
h 1 1.06053293991 1.7119238755 1.54052912028 1.50532844241 1.02538417958 1.68634895153 1.59572837755 1.50511153867 0.771468604655 1.46650142026 1.44832887508 1.36012530925
i 1 1.05955799756 1.32733320112 1.55512451084 1.26822849108 0.992302862549 1.32685350109 1.54086504942 1.29662671476 0.897293206423 1.28484759683 1.45531393628 1.28772290663
j 1 1.04807887632 1.5830351946 1.58905375641 1.28508663338 1.01391965954 1.42471131505 1.49654109969 1.25220653429 0.885826157564 1.47610912609 1.37477886018 1.23830835726
k 1 1.03600447248 1.54593047048 1.68083868092 1.39596692613 1.02727601025 1.65588430467 1.59208545458 1.39480503202 0.893945536877 1.39950163121 1.42258733929 1.36933272173
l 1 1.0200164603 1.5451950111 1.54905630138 1.26617222874 1.02528782013 1.51968443219 1.41930913372 1.28326866654 0.935294298294 1.40492571505 1.29461665287 1.26831305548
m 1 1.05111098646 1.5320979315 1.62466149013 1.35302749552 1.00261304306 1.48690005595 1.55282144976 1.21410381907 0.909102004981 1.33376268416 1.40136687609 1.15278618272
n 1 1.05176180632 1.62581116866 1.58974405449 1.2063030144 1.00032881509 1.60299373766 1.55285484987 1.25968877547 0.911527866049 1.40306664928 1.29164169714 1.13453071478
o 1 1.06018106912 1.51555680949 1.50399229025 1.2754465887 0.986772482313 1.42447606891 1.37921141677 1.21753108987 0.906982934338 1.37473686211 1.30288707188 1.02234195379
p 1 1.05308273929 1.66462925193 1.50256617297 1.37460757606 1.00770660749 1.53398468083 1.43094507151 1.290533136 0.886726596313 1.36993059993 1.24363938801 1.18902731107
q 1 1.04962520159 1.50824309001 1.71195815878 1.4896849032 1.00781259233 1.57527255956 1.64582993407 1.33108187618 0.902428871921 1.52153585061 1.42634434175 1.17978349334
r 1 1.03622856483 1.49229768258 1.53559013481 1.2705257491 1.01911308769 1.33047587408 1.51364971195 1.2860842832 0.909458776877 1.28200030756 1.43388403936 1.24352852458
s 1 1.06987597626 1.49432424039 1.66054546065 1.51337467526 1.00078235842 1.54720581168 1.57424623639 1.27115589651 0.810691807157 1.35373430496 1.50777126077 1.29351674434
t 1 1.05167825951 1.64462646857 1.63688838495 1.4068358905 1.00096460639 1.52277572694 1.53265087164 1.28841806994 0.908096195058 1.47995701575 1.38284222003 1.18771572212
u 1 1.06060543829 1.62802534113 1.7240634316 1.33720089145 0.995074172893 1.65112284347 1.57254583275 1.31472961507 0.896594959668 1.51605112762 1.33732251536 1.21706125578
v 1 1.05554030013 1.61169036814 1.63788488436 1.32310772591 1.01053475811 1.53852395018 1.56080464447 1.30028878992 0.868188016269 1.41949336136 1.38497015715 1.26170351328
w 1 1.05888276412 1.68183320987 1.65051879796 1.4264969468 1.0206633669 1.6969598693 1.62575414941 1.42374954876 0.806896539639 1.42791947248 1.34463317372 1.2146009631
x 1 1.03827723107 1.6547348463 1.67017632704 1.38465130123 1.03063488144 1.6383974442 1.72578253929 1.45640590272 0.869921176933 1.50808375572 1.56177770947 1.39370676926
y 1 1.0526651087 1.51516145587 1.43061580491 1.3351931037 1.00881148103 1.29852656556 1.45655553671 1.22878641789 0.882434311503 1.32100551321 1.43607342205 1.22873701058
z 1 1.03934570528 1.55351694596 1.51720306459 1.34283235444 1.03360286467 1.54708686482 1.54902580128 1.34600504733 0.847998467228 1.4973200206 1.37164395418 1.16518833068
0 1 1.00835062962 1.4916576073 1.6128837703 1.29935706223 1.02913161864 1.61597147951 1.45380625801 1.25247984236 0.949151985662 1.56679231523 1.49794784804 1.24601392084
1 1 1.07879172684 1.64750758418 1.49078065507 1.35375377869 0.978383176974 1.49646233176 1.48709539011 1.26569287074 0.841659258314 1.33761241677 1.31959723195 1.14953555394
2 1 1.05312749665 1.61072921387 1.65235784915 1.41430884502 1.00244737763 1.58815219439 1.53730025907 1.38688783321 0.902032213518 1.49403653344 1.34266950306 1.23008618531
3 1 1.03754821964 1.67461819051 1.53161399447 1.38176712274 1.03114364494 1.64499142091 1.58905354723 1.39128386965 0.875979186964 1.46028400281 1.43046939753 1.29085912226
4 1 1.02719782651 1.66355532706 1.32178705223 1.27615858564 1.01968266076 1.6066937143 1.39547045602 1.25856382459 0.933353186493 1.56914885728 1.2972582405 1.15585515582
5 1 1.05092413815 1.51959709038 1.53055825724 1.21451262088 1.00196158776 1.4146614019 1.44286915363 1.17652984135 0.906198564234 1.45513419361 1.33316423833 1.18678547559
6 1 1.07152388975 1.74392308623 1.70527102595 1.47278473073 0.996948196176 1.65544046382 1.6324499655 1.44825472913 0.828340546377 1.52260442291 1.5980820044 1.31634417121
7 1 1.05168498383 1.68302700791 1.63317780385 1.47127794371 1.02285837709 1.60795314966 1.56084180555 1.29277648672 0.828295302114 1.46143571528 1.43247996168 1.29998637339
8 1 1.03640506136 1.58027845581 1.59862537207 1.42201410149 1.02516254548 1.5724160246 1.58748686743 1.43081769659 0.899207781996 1.56016565272 1.52979134389 1.38862027204
9 1 1.03650810002 1.47644446253 1.46479662872 1.22308815045 1.02250396163 1.44432526645 1.53804316848 1.32351289667 0.907088885814 1.39877397784 1.33764322205 1.15359697936
a 1 1.05039324518 1.54893345118 1.54708926919 1.35727869437 0.999492639993 1.54886602618 1.52186778933 1.34870082079 0.913251557695 1.42596751147 1.42619935495 1.20299291781
b 1 1.04114140752 1.48693991654 1.70070725023 1.45174418694 1.01364078416 1.48126972925 1.56646208039 1.2902975653 0.912990999169 1.42843852755 1.44112005774 1.2631288343
c 1 1.05962321828 1.60547585016 1.7306083037 1.3678094175 0.995818321931 1.52445952168 1.55701844539 1.33355679869 0.898729265506 1.47001721513 1.40682642163 1.2349964781
d 1 1.03778769487 1.55560736623 1.59655557537 1.29206435615 1.01680165607 1.50478291366 1.59343096993 1.30350788691 0.917136078099 1.4737470144 1.43956652614 1.21819971615
e 1 1.05304379646 1.4792932844 1.55590535485 1.30721300234 0.997654505812 1.49800781187 1.54161110381 1.26207371618 0.914205914921 1.45025905362 1.46051863024 1.19134116091
f 1 1.03288667838 1.60405712392 1.64507981093 1.32682771502 1.04749396575 1.6648215843 1.68466355576 1.32596974645 0.820488690821 1.46110087033 1.46091445108 1.28584600953
g 1 1.0412366796 1.51279219617 1.68944251939 1.3419940709 1.01299602609 1.516471925 1.52569075717 1.32510975952 0.915557494446 1.44554501276 1.4384043833 1.2538490744
h 1 1.06366702153 1.70988951813 1.79487220683 1.459482666 1.00996069256 1.52717291586 1.60401892548 1.43098751156 0.833769756288 1.40636534866 1.5020197906 1.21007012416
i 1 1.02903589869 1.63880192351 1.46550852499 1.22987271681 1.02932158892 1.52108412429 1.5977865995 1.22838689762 0.906066611358 1.46040400226 1.53812118763 1.06277117997
j 1 1.05045415791 1.60060371022 1.65610214498 1.36901335578 1.00214723584 1.54143935986 1.55232801111 1.27358550966 0.912553024141 1.43787741726 1.4453583231 1.09208002617
k 1 1.06717294703 1.56311261337 1.60060842202 1.19937899692 0.973398705834 1.56764137845 1.59727101234 1.17049532123 0.907019797989 1.42472732516 1.40457288094 1.17548553116
l 1 1.0440934983 1.61095377942 1.59825266372 1.23951656147 1.01378710491 1.52531154895 1.53722902761 1.12157419763 0.904487996264 1.49192585323 1.22723818498 1.02386734247
m 1 1.03141071924 1.63313795822 1.68987393365 1.35415102387 1.01949957283 1.624565784 1.72020686592 1.33410614395 0.925118564701 1.60164251419 1.5767254121 1.23894991172
n 1 1.02761596513 1.63056164727 1.6304585925 1.32619832569 1.01377114873 1.58627681273 1.625869424 1.29556822744 0.943737518159 1.5940715539 1.56835032394 1.2748259031
o 1 1.06404003486 1.5250509487 1.52360995345 1.28306733134 0.984926090917 1.48000549269 1.37200027653 1.18994896976 0.900469258712 1.43129551006 1.19933243748 1.12407949074
p 1 1.04005693196 1.55463561558 1.62759832764 1.34458141986 1.00906299476 1.50370029224 1.53614761205 1.31757338645 0.926673229425 1.43932930447 1.41406507671 1.26484166238
q 1 1.04209735622 1.55873421151 1.62828947315 1.36776112813 0.999955908822 1.49982000074 1.49440813578 1.24301293951 0.938477793084 1.49206931804 1.30222062562 1.27524755112
r 1 1.02112125215 1.60684855455 1.51376809973 1.18304933015 1.02434983946 1.5860797903 1.47212598254 1.12898975637 0.937404222968 1.5411352588 1.41670767585 1.13686567586
s 1 1.05212269428 1.63623315456 1.68476880947 1.56452186942 1.01925293144 1.65240155232 1.6415414021 1.56083420572 0.85541464307 1.48506785588 1.57049696088 1.27125760167
t 1 1.05643494797 1.55137488698 1.72430479033 1.41113414513 0.994553147777 1.53314495812 1.56846472694 1.27396192273 0.910932653331 1.44649345932 1.4625979242 1.20012370951
u 1 1.03653275074 1.49757517958 1.56626465995 1.17610431482 1.00346068983 1.51874333184 1.47921499375 1.29524795336 0.943990916519 1.49565769237 1.36726417027 1.29084675145
v 1 1.05770283386 1.55697611726 1.54844971917 1.37174219773 0.985845520654 1.54095569463 1.4587235045 1.31492034818 0.921928486419 1.4588747464 1.42775260857 1.19697142125
w 1 1.04187167776 1.68086548808 1.61384865583 1.40509956311 1.04056582896 1.66842610688 1.55239317041 1.37628706262 0.817447948063 1.51140121582 1.38324057676 1.24854507859
x 1 1.02729976042 1.52663417337 1.50929310298 1.43177653411 1.04275920489 1.56783371247 1.56260389415 1.43087033186 0.855337845216 1.46909540684 1.5317694589 1.22034163726
y 1 1.05076111538 1.52073190982 1.53273268462 1.1615480317 1.00719209418 1.53483459717 1.66345546675 1.19810391821 0.898359706072 1.49488684263 1.36671671747 1.19582796856
z 1 1.03336514071 1.55733327683 1.63380581634 1.3360483916 1.00887077857 1.53628978086 1.57634115253 1.31783449465 0.939774478194 1.55351717451 1.51229830887 1.17331456098
0 1 1.03496963738 1.59912314536 1.67915685005 1.28181109844 1.0021558272 1.56383525524 1.46501116181 1.2434670024 0.948925997234 1.57891604142 1.46732324663 1.18962277734
1 1 1.04794940868 1.6670827204 1.46284331492 1.353298222 1.02177568596 1.59956711088 1.50837762032 1.36771948008 0.868412184794 1.54491454398 1.49880275723 1.33184987615
2 1 1.04840480898 1.55040835511 1.64410680393 1.33098137358 0.988499726557 1.50961350308 1.50458370861 1.126976946 0.940774849886 1.47006415449 1.27021156279 1.1780849341
3 1 1.04216543236 1.59641013757 1.66794707496 1.31758231095 1.00532973114 1.55751040939 1.61375166441 1.31817763166 0.929403708327 1.49614314729 1.40932117043 1.29031048349
4 1 1.03265238201 1.61143353037 1.41817164399 1.33106832639 1.0145189604 1.57655716208 1.38180538322 1.31945480756 0.932642488995 1.58246960187 1.28540270234 1.08883520959
5 1 1.03978729079 1.62509520781 1.53006422461 1.4444258217 1.01464992616 1.61605800828 1.55501353133 1.16126662756 0.915732387457 1.48011991912 1.36687869765 1.12111104718
6 1 1.07665076118 1.7030846581 1.71803428336 1.32605679858 0.980980232379 1.60093217915 1.58262427204 1.35277171815 0.85659801767 1.46285989186 1.54801924923 1.38958526551
7 1 1.03122192831 1.59772739801 1.6062512288 1.41555491812 1.03422421073 1.6046048695 1.58501057804 1.40364009734 0.883321827025 1.57398529931 1.50803693977 1.32170435727
8 1 1.03510537159 1.64516255985 1.67189232689 1.47126196771 1.01542679317 1.6295388245 1.68346944368 1.32047028514 0.925372589114 1.53564841222 1.47015556598 1.2074504654
9 1 1.04766666307 1.62692546777 1.63201690202 1.30200297274 1.00321697354 1.59962228364 1.63724499549 1.18678886943 0.918530471876 1.50061398777 1.50673542701 1.22385074094
a 1 1.0526521872 1.52537707561 1.57591413712 1.33315057379 0.990676574746 1.49488353083 1.55505160382 1.31341694459 0.925863778546 1.44240106701 1.44197121968 1.30765926358
b 1 1.04562361064 1.56021081439 1.62894144324 1.2881944756 1.0057502539 1.51549727383 1.60288352946 1.29648156188 0.918136464419 1.39844475284 1.39204930334 1.14845557399
c 1 1.05885194239 1.57586268487 1.66527806295 1.3340147103 0.997080373239 1.49422070026 1.47713333219 1.25428943119 0.894763036452 1.38760586212 1.39953200924 1.24211548365
d 1 1.0633480309 1.51369452329 1.67188519864 1.21804343765 0.991581179675 1.48069478902 1.5497464692 1.20928983658 0.888729014786 1.39698703021 1.43877106352 1.11555207828
e 1 1.04649453922 1.52984131136 1.60129561891 1.34034673493 1.00353152972 1.516708667 1.53623111583 1.2613053681 0.91994449897 1.43889305967 1.35935528724 1.16905953854
f 1 1.04896847334 1.60925625884 1.66184686136 1.41690477516 1.03503389792 1.62599926709 1.60049061206 1.41575112201 0.78556847527 1.43231709774 1.41863384702 1.35363448056
g 1 1.04191017132 1.56496880897 1.6814164241 1.33743030744 0.99644159516 1.52915472442 1.56919314716 1.31274396002 0.944094912929 1.49978598888 1.44240492561 1.26194557179
h 1 1.04898111521 1.70914600949 1.76712766917 1.34772250224 1.01658184203 1.62092274546 1.63674259366 1.42726095948 0.886573475482 1.53290004207 1.46453714982 1.41242614037
i 1 1.0581727122 1.57466552763 1.6047331827 1.15346320398 1.00201715098 1.5825431979 1.57341647367 1.17745652845 0.886718311387 1.43454023399 1.40355236538 1.20146013502
j 1 1.04660736039 1.65675291639 1.56041689369 1.42597126062 1.01183205249 1.58574579338 1.49586093223 1.32106997266 0.902270704933 1.46885749015 1.37519337288 1.26348013151
k 1 1.06596749908 1.54017958164 1.62803826934 1.22594130236 0.979262320855 1.55959596217 1.4161443254 1.14955753808 0.903747204532 1.36441815666 1.29849671385 1.13142240583
l 1 1.04486666999 1.56885397213 1.54217477617 1.29180109947 1.01676372231 1.52650312709 1.46673369694 1.20480104359 0.893212537615 1.48320267622 1.26273398545 1.18596351059
m 1 1.02879114053 1.58667330022 1.61724798645 1.32886289822 1.01288120991 1.57195474289 1.59399155941 1.31076249657 0.943204055264 1.56340258043 1.42730938003 1.3050906303
n 1 1.01996166447 1.62543345094 1.56247766125 1.39447666903 1.02245360829 1.57745875783 1.53406591699 1.37536392132 0.941662858722 1.53003402762 1.49951297072 1.28425166775
o 1 1.07183181173 1.56198201898 1.53452149025 1.27787041616 0.970449024292 1.49553896184 1.42682041248 1.27308570615 0.900120998907 1.48212175099 1.18856944392 1.02410813032
p 1 1.07258329239 1.7131329978 1.71697186607 1.40453304511 0.965399364437 1.48214997752 1.56261302178 1.29481445322 0.906343338195 1.34340656284 1.39328132893 1.13267848254
q 1 1.0581320349 1.55510366745 1.5570234815 1.35247007244 1.00281740921 1.44554328371 1.48198817443 1.2362007299 0.885876635465 1.45773276275 1.32150096813 1.19747708183
r 1 1.0265814082 1.4557959859 1.45540550747 1.22469535574 1.02201430366 1.47530775384 1.43257059304 1.08943035315 0.929507371134 1.49464597025 1.34973333046 1.10652321008
s 1 1.04663075185 1.63128386689 1.53861075043 1.2698651318 1.03564652674 1.61972970229 1.57931314576 1.24155794768 0.806437699846 1.43219342301 1.46383996936 1.2328825392
t 1 1.0716598712 1.51214488361 1.59960447998 1.27973618694 0.985960638468 1.46732415963 1.55477466999 1.22818724065 0.864462024438 1.41554848032 1.37583658426 1.13271473435
u 1 1.05674017726 1.46962619186 1.57688734505 1.19158761078 0.999992782921 1.46667355659 1.3536544505 1.16415227578 0.894711463151 1.4377778751 1.24228309952 1.17199971195
v 1 1.0777668084 1.50631093499 1.64136772613 1.27531674108 0.967648376416 1.42771100853 1.5492667877 1.28752382156 0.879975444859 1.34005643234 1.34737819072 1.21239655816
w 1 1.07799403587 1.71540449446 1.65750550975 1.53854505498 1.00186943478 1.6557977807 1.63125390068 1.53696040452 0.745951511381 1.36961335925 1.11220755147 1.07339611379
x 1 1.05639344742 1.71411863033 1.69001919165 1.5436046415 1.02384602377 1.59950643541 1.70455397005 1.54103173726 0.812434267686 1.39028965539 1.6377477488 1.24305859868
y 1 1.05145345066 1.58773579322 1.52976027603 1.28287124923 0.99582116869 1.50772678141 1.53251742179 1.12182868467 0.920305177888 1.50652633345 1.42882749611 1.10320732619
z 1 1.03475562418 1.56091474204 1.49663465154 1.34949402212 1.02731030477 1.59363601618 1.54218607651 1.2980478928 0.892705072268 1.52753028473 1.45437754858 1.29020221122
0 1 1.03091926965 1.52521739502 1.53097987649 1.16611832437 1.01143950873 1.55688151376 1.43316233271 1.12341252316 0.941219925378 1.53111770643 1.36371898707 1.1178277021
1 1 1.0341235868 1.6456007561 1.51092883087 1.35042263714 1.02387618508 1.56196474678 1.53713139994 1.37240343822 0.905955359731 1.525384767 1.46187553288 1.3415330573
2 1 1.03646114484 1.57104352206 1.60203337996 1.24260932029 1.00366417022 1.50336234973 1.45091569322 1.21187488873 0.943862267001 1.43717671585 1.24267207341 1.16883100845
3 1 1.03805209581 1.59883382762 1.67872165365 1.30444480425 1.00172551201 1.5651043588 1.57249351105 1.27753614912 0.944235589621 1.48551515694 1.44615049101 1.10855918987
4 1 1.03184150077 1.61228612031 1.31631823714 1.29280731893 1.00810017021 1.5929468818 1.23308368509 1.18062525633 0.945919929686 1.61961524617 1.19235760623 1.09741008744
5 1 1.04410663487 1.56693694429 1.53321848181 1.19327332413 1.01067008005 1.51910683563 1.5167652303 1.20477394882 0.911270268757 1.46206611197 1.37063376763 1.10657875745
6 1 1.09851256938 1.72462133312 1.70071500101 1.41423079312 0.97417836046 1.62530876526 1.66238215409 1.30641246081 0.62744540152 1.32003068017 1.35716359867 1.21076003505
7 1 1.05993993003 1.64552037592 1.63569355557 1.45696510353 1.02322221274 1.6492840549 1.57198270459 1.43433125849 0.785940514227 1.40081519573 1.36308730737 1.13182035416
8 1 1.04067189365 1.70103259279 1.71776490848 1.41392926538 1.02870148157 1.64592874221 1.56537282862 1.3751000304 0.878381367805 1.49128646012 1.406349209 1.21342856229
9 1 1.02555225972 1.5826560315 1.49366720723 1.30094611157 1.02023014234 1.54360063667 1.60723328722 1.22006044313 0.936867672633 1.5571392265 1.57899340508 1.25302568239
a 1 1.06178330457 1.63363581146 1.5741784365 1.20228365796 0.979171212997 1.51715834637 1.49659557919 1.15371521701 0.91851023785 1.42669644801 1.31822075872 1.09576867615
b 1 1.0493507209 1.535074197 1.62429715884 1.32437761224 1.00015003321 1.43398172405 1.4672614674 1.21980509469 0.919546711808 1.40462025242 1.31429723794 1.10405095373
c 1 1.05563994878 1.48240137827 1.55660568598 1.28284286803 0.998979220119 1.45542224269 1.48322158842 1.26724398995 0.901715918758 1.41702507244 1.32740835117 1.18130729956
d 1 1.04206987518 1.50318567795 1.59813755228 1.25372001612 1.00974790423 1.47895824965 1.49383451518 1.2198976617 0.918828119488 1.37766847613 1.40806254919 1.09192391844
e 1 1.0402039577 1.56243644165 1.58254904727 1.30336722629 1.00191115651 1.50366847712 1.42622529476 1.18178110961 0.939237674424 1.42774696369 1.38876282263 1.14343341655
f 1 1.03106027217 1.62443880967 1.66304586804 1.3063518211 1.03910251831 1.66960210718 1.72306347231 1.31377767006 0.87127406848 1.56395660964 1.48796845216 1.2790470512
g 1 1.03792806172 1.54401478086 1.68650024095 1.3545723841 0.999040772093 1.50213701225 1.49680405972 1.23720415651 0.948489146614 1.44544771989 1.37976769301 1.21588524336
h 1 1.05450511629 1.63047036484 1.70515673997 1.38971938665 1.01856187017 1.53994364336 1.62655795643 1.39301573276 0.849426622567 1.41092046964 1.41356222888 1.3256846689
i 1 1.04520247964 1.63319708534 1.54357784745 1.20257479751 1.00874860148 1.60082643059 1.54274191859 1.25091479647 0.913113646899 1.45447183196 1.46827126993 1.22055711588
j 1 1.05145573631 1.56371520742 1.60691805124 1.3630236066 0.99740034787 1.50400032166 1.40092022943 1.36028466379 0.918407796696 1.4002405435 1.34461013667 1.14479711173
k 1 1.06394282429 1.51627735465 1.62252882741 1.20406363422 0.993969191075 1.47743970939 1.52961835112 1.19627752445 0.876614994213 1.43019137939 1.41181108269 1.23046775333
l 1 1.04142163108 1.57914541552 1.68367352106 1.27301717051 1.01726906117 1.58980001078 1.45102062197 1.2418653303 0.905021780573 1.50090860588 1.15130645502 1.03344286336
m 1 1.02467678432 1.68031511891 1.61817869599 1.36475679449 1.02969392467 1.69569256075 1.65202374707 1.37102151318 0.919640187722 1.6266744922 1.56423954736 1.37883107179
n 1 1.06218311501 1.59843482172 1.69954456312 1.39576539567 1.00823335107 1.6157610554 1.63786123136 1.24642036466 0.845333108067 1.42062769206 1.31513004289 1.19068549357
o 1 1.05599323848 1.54469182111 1.45778556683 1.30876356626 0.994476151551 1.54175759975 1.37465144129 1.27335743328 0.908043745587 1.42698605352 1.23646997344 1.04076860668
p 1 1.050817966 1.60510536819 1.66371794747 1.4083953078 0.994312114771 1.6180953948 1.54894951049 1.41371353489 0.927761576732 1.56120841205 1.48312288471 1.33034698241
q 1 1.04425231789 1.55077049316 1.61693407318 1.28813848955 1.00519988586 1.51539176361 1.45460991024 1.20932244417 0.923501527753 1.46072038896 1.30147974602 1.15960943107
r 1 1.04491857848 1.48756884368 1.45487293096 1.21826476032 1.00678957838 1.48533663599 1.36672938217 1.13831854824 0.914904372887 1.44701811562 1.34658665301 1.10328878673
s 1 1.04662005534 1.64504372821 1.73504153509 1.43103347287 1.02504686412 1.65661105616 1.71682898368 1.40073412995 0.861106654915 1.52848076692 1.56159187902 1.36677737715
t 1 1.05409983491 1.55842127567 1.66128582794 1.27268113518 0.999712981924 1.52119652198 1.46444711095 1.33267315645 0.907463104539 1.48505731918 1.39808962612 1.29752236171
u 1 1.05493277285 1.51935424005 1.57810931968 1.34120608653 1.00009654854 1.51303184432 1.36814759338 1.31599078732 0.903346790446 1.45028004519 1.20241309361 1.14443715294
v 1 1.04635343157 1.56947472449 1.62125114645 1.34466213742 1.00297810166 1.51891092238 1.45410410219 1.28911053797 0.922235764293 1.47536956233 1.38363687013 1.2242373405
w 1 1.08158824972 1.64858676499 1.58336414785 1.21792707638 0.921101100813 1.49957817996 1.39385313471 1.22089083793 0.92702459998 1.52789986804 1.48866648237 1.23951867603
x 1 1.04801359778 1.7341066915 1.70836528235 1.52350289458 1.04133921308 1.69260345443 1.6865558521 1.50458357317 0.777115042406 1.45492898937 1.56831803705 1.19117778641
y 1 1.04573236743 1.55392861373 1.43139993223 1.3166375599 1.00953533252 1.55167596425 1.51167271382 1.12327929584 0.910390669303 1.40769911287 1.30348387534 1.1565664184
z 1 1.0419499152 1.5778419933 1.68510762639 1.2670097831 1.01212282063 1.61315975928 1.60118095443 1.2430909196 0.912159499309 1.52440995355 1.48402023792 1.22063171415
0 1 1.04861647654 1.64230011863 1.60046212202 1.32188493881 1.01073162125 1.56103030995 1.46236386198 1.26438987579 0.89704167999 1.51109391968 1.41450400479 1.11853653916
1 1 1.02531526172 1.63200388334 1.46180201251 1.40662468893 1.02936316972 1.61558141278 1.59526907909 1.3077219493 0.915123417237 1.56596174358 1.46494818477 1.22681305738
2 1 1.05157859704 1.57184754902 1.7528214273 1.284571288 1.00658179925 1.52314059838 1.62894673054 1.29664248318 0.898423540573 1.54199012929 1.44776111997 1.21013954953
3 1 1.05763528028 1.69920250091 1.75188002031 1.55407491351 0.987895478225 1.68924551749 1.66659437122 1.38822838796 0.922086968752 1.64308413001 1.57151565667 1.37813258448
4 1 1.04800466091 1.70187364497 1.2817791701 1.2960107055 0.992235183045 1.59638891728 1.33714451875 1.19775303364 0.936412705838 1.50258865843 1.1839521434 1.16218434249
5 1 1.03949127335 1.66100197939 1.52740214447 1.34178578228 1.01349268241 1.59107338157 1.59346054914 1.33005165428 0.919500077708 1.55626015948 1.57517084628 1.15613965035
6 1 1.09072632971 1.78305312958 1.73193141746 1.50248722973 0.970814246647 1.57754613713 1.78065668174 1.28857079878 0.791204950407 1.43159587201 1.62586257738 1.2619911027
7 1 1.04629586712 1.73141315145 1.63412884239 1.43098442428 1.03450164372 1.66619101699 1.60319590917 1.43755124774 0.825520494116 1.54666839128 1.47189417896 1.28116771843
8 1 1.07447967111 1.74165689909 1.73472217243 1.440825705 1.00939602406 1.5862206506 1.72487720541 1.4467383069 0.751915203553 1.3632174268 1.5239910494 1.21285948849
9 1 1.04706464535 1.50839641419 1.56638794475 1.38365935203 1.01269677007 1.54788541452 1.61242397026 1.29011017286 0.896421356672 1.49703996895 1.50434563789 1.16995696368
a 1 1.03794140312 1.61556896554 1.62844220062 1.51455429969 1.02337293422 1.63110554036 1.59888534204 1.47089611097 0.896295830853 1.46160740925 1.38654976964 1.46794657782
b 1 1.06442515581 1.59750542882 1.62087409429 1.5265442069 0.983590113005 1.63533291251 1.48577278357 1.44925244539 0.903071146001 1.46589309855 1.42629179377 1.32773115733
c 1 1.06105644585 1.6104931749 1.65236630062 1.52495250244 0.997493430351 1.66902683331 1.57110385102 1.49995451115 0.887335478556 1.50648360557 1.43113847152 1.37595843141
d 1 1.05486993461 1.62301858431 1.65156784995 1.40967605394 1.00651364556 1.63216185442 1.61645719571 1.49243770121 0.887724302012 1.43463774804 1.41927178645 1.39749857673
e 1 1.038055345 1.68901296841 1.66821682111 1.5439523037 1.00914783741 1.67608193183 1.64846518162 1.59822736044 0.931589031926 1.52059744483 1.51396282182 1.49353891939
f 1 1.0546650291 1.61726852909 1.66154787177 1.36387701947 1.01857084414 1.70390204966 1.66691683611 1.41828875446 0.843814092705 1.45235862984 1.53002890531 1.26319941838
g 1 1.06038736102 1.65806669936 1.6751925855 1.507295197 1.00303703355 1.65457165169 1.63005441313 1.3717256779 0.875988197498 1.49687078119 1.43095798755 1.21631529858
h 1 1.05601880638 1.64264258466 1.68343891229 1.53777235423 1.0176001643 1.65080187271 1.67782953011 1.53945500901 0.842814825074 1.50941773906 1.47759717272 1.45935125056
i 1 1.03528134704 1.61318232714 1.65296582699 1.41926280816 1.02332955881 1.64240869025 1.69944002289 1.36691855679 0.907433612224 1.57067097421 1.50970876237 1.32917611476
j 1 1.04972191429 1.60828493218 1.70388027391 1.42381217938 1.00635747248 1.63646300853 1.67470720774 1.3636509349 0.901807942844 1.52688580294 1.48590748548 1.26964409636
k 1 1.0636539915 1.7295002127 1.69490746753 1.38737566967 0.99956679679 1.65752211006 1.65723007507 1.51720598178 0.869706159234 1.46586605764 1.31524595418 1.38723279499
l 1 1.05468244276 1.63537264497 1.57958112302 1.4136686229 0.99754435385 1.64687488819 1.42278693883 1.29005210331 0.903858798026 1.56474633089 1.34715064999 1.30562466238
m 1 1.08580652424 1.71272886443 1.67890042162 1.41311847219 0.937991706762 1.51068528009 1.42532974116 1.24134578151 0.900019991608 1.54359959294 1.39240585427 1.20784319587
n 1 1.05266173111 1.71379075895 1.67837031008 1.47567543326 1.01040841529 1.71879309667 1.65699735738 1.43784467086 0.889255630945 1.5014536851 1.4318446708 1.36600387016
o 1 1.05316645217 1.61828893286 1.45105055772 1.3229406716 1.01227689492 1.61015235192 1.49053573735 1.19410143292 0.867728567128 1.43917440691 1.3266762072 1.08185558282
p 1 1.05627798197 1.63887472849 1.53942125336 1.47321046727 1.0015890749 1.67882290179 1.48518556714 1.32327185097 0.895640224643 1.57854775156 1.34240935468 1.41024216987
q 1 1.01096259589 1.5460388862 1.53667016032 1.4709681759 1.03589233696 1.61822481904 1.59518020541 1.28026788795 0.930964311342 1.47222616699 1.54384657188 1.21766748875
r 1 1.04196104118 1.613860295 1.53776748196 1.35993054036 1.01866343678 1.61425933987 1.53172159396 1.35651622801 0.893417038671 1.52644187396 1.34118040682 1.23687726526
s 1 1.05054523914 1.6290948773 1.65243126045 1.46154635167 1.02597230348 1.61592615712 1.57807050959 1.45579215504 0.821109175531 1.40957248215 1.43317328239 1.20830499894
t 1 1.05672380988 1.67205249563 1.66345304797 1.62462239594 1.00860142211 1.661431745 1.63382557993 1.43571574158 0.878661556673 1.46358986465 1.36776405506 1.38578168857
u 1 1.05697439103 1.72165008565 1.73213142624 1.47627420921 0.986905361969 1.57453824394 1.61003309363 1.32226440269 0.922628547839 1.54780321202 1.41284405965 1.367517177
v 1 1.07126963392 1.58851280146 1.71925500286 1.58433431454 0.987064604401 1.6151689492 1.60976283165 1.56826856447 0.865548430423 1.40977265343 1.29414525068 1.17477602611
w 1 1.04980845305 1.69989727266 1.64173667836 1.42165812947 0.992483247669 1.61329115781 1.54728834218 1.32093228141 0.931316097214 1.50377629956 1.41749399556 1.17637147663
x 1 1.0919201342 1.82316389758 1.74801621128 1.54068296474 0.949103923982 1.66883301512 1.67530818327 1.35245704622 0.839067583288 1.54607584171 1.53136190501 1.33197288012
y 1 1.06907340452 1.61451840507 1.55316807424 1.33588872857 0.989989277161 1.61678898268 1.57011729683 1.22364676029 0.864481802288 1.4549133819 1.40122921804 1.25094927767
z 1 1.04858666372 1.68969278159 1.72448141997 1.50857611836 1.03078263201 1.70678344697 1.64608031218 1.56863087886 0.821773870339 1.49028062734 1.4847695106 1.37499616407
0 1 1.05703847257 1.62018123529 1.60991524217 1.28012708027 0.986206868879 1.63081676911 1.39870149675 1.15611581872 0.923469559023 1.44411575773 1.34397728221 1.11100334708
1 1 1.03535636241 1.64704419719 1.47335136085 1.32438550761 1.03506438311 1.64661822679 1.62345212811 1.38549800421 0.867052972419 1.53087169613 1.46670508894 1.18133121062
2 1 1.05851404997 1.72928682753 1.59675048183 1.38066216058 0.985523020979 1.59043898344 1.41629145379 1.31102917998 0.919981042642 1.53555805571 1.39305405072 1.21567471602
3 1 1.05049435071 1.5130093424 1.64933561297 1.37860021881 1.01791398411 1.52172238802 1.49616721169 1.27517759523 0.868541120536 1.48124120112 1.35942626384 1.25754459804
4 1 1.04023479737 1.67584568571 1.40970557371 1.41711155318 0.997877030528 1.61703548439 1.37262594397 1.34388818837 0.944495839921 1.59896095067 1.37130326986 1.27765789351
5 1 1.05458520515 1.63825768398 1.58969023646 1.45805678931 0.982482326519 1.616834428 1.60896488528 1.36665527201 0.93400069146 1.60267946349 1.43645498606 1.27775285605
6 1 1.09735630352 1.77032218895 1.7615822552 1.42908026 0.974796901045 1.67309447186 1.60437735835 1.35080953709 0.649353796403 1.36665044403 1.35392991467 1.19239607231
7 1 1.09572548379 1.84245833289 1.79185684947 1.51865900438 0.918910460672 1.68922418575 1.53378916399 1.41165747852 0.880435911599 1.62817668599 1.60771536184 1.45098447668
8 1 1.05820160578 1.79993358243 1.71965217609 1.50533822423 1.01385039258 1.6531805126 1.64631135324 1.51573658657 0.860772436194 1.50035547328 1.47094773817 1.31671613093
9 1 1.06623629982 1.76968467715 1.61559646975 1.54508860575 0.988990884605 1.66000178177 1.58967670135 1.52216570778 0.88729462272 1.59028811227 1.52737684047 1.22195158682
a 1 1.04707808923 1.67313748483 1.64069202494 1.26449705045 1.02204948807 1.66577309098 1.56793875986 1.39095648028 0.867006916954 1.4911863246 1.47666522481 1.38294714926
b 1 1.0567192674 1.64754780467 1.59441373946 1.51211018276 0.989100186914 1.5647138548 1.55497882586 1.57124606912 0.917507962035 1.38475366854 1.39000024832 1.51237421737
c 1 1.09508779148 1.44652913871 1.81074809868 1.94124510759 0.942071647915 1.51022367718 1.78121537903 1.95677001794 0.876628851777 1.54372120417 1.72435062317 1.80095135405
d 1 1.04884082148 1.62084000609 1.61370703003 1.48698924312 0.993721661547 1.60753546247 1.42678423041 1.36178929947 0.930936481915 1.5174083398 1.45028216388 1.43569147073
e 1 1.04111857258 1.488631 1.61040674181 1.44526143245 1.00978682864 1.63862696171 1.53522063693 1.47596358447 0.92179633989 1.5370183067 1.49234107916 1.33573979532
f 1 1.06343480501 1.63255698703 1.62731022701 1.38354432604 1.00186196098 1.61815786935 1.57916490196 1.39426327217 0.855734873278 1.40202699444 1.45674569208 1.30176617961
g 1 1.06671683078 1.58453402284 1.67123854093 1.5402878758 0.986284761238 1.61581820397 1.60144620713 1.44663065971 0.887241602252 1.52409140114 1.3896210284 1.30355356953
h 1 1.06211351576 1.61534910129 1.63461496635 1.35006944266 1.00591217825 1.63919002345 1.6055741339 1.48959021422 0.85719879341 1.51226558737 1.50200619208 1.40552878015
i 1 1.0380873637 1.63825256052 1.53154245229 1.38515715009 1.01215253747 1.57884684639 1.57732169606 1.38747890217 0.923440008584 1.55558311945 1.54419029764 1.22118671756
j 1 1.03811337086 1.61481665889 1.60156971133 1.24816372133 1.01100781042 1.59497691262 1.51352274103 1.28158515707 0.924303427173 1.56274080577 1.44337188962 1.24171933569
k 1 1.04377955931 1.68417788717 1.69562987711 1.36789979795 1.00728973856 1.65175881042 1.58802652177 1.28002308078 0.919406841033 1.52867367927 1.4225853164 1.30606916594
l 1 1.04840650945 1.62792652368 1.62908286754 1.47430712457 1.00651397795 1.64024264237 1.55632582626 1.4719864328 0.907401183143 1.50742928168 1.30581419671 1.21314374444
m 1 1.08390251737 1.72655640187 1.70296310577 1.34732490354 0.95595074326 1.60327317303 1.55056911518 1.3381676204 0.876653276752 1.3630969194 1.27068269817 1.1797945969
n 1 1.03384664381 1.64860617144 1.64588680332 1.44039527122 1.01999078138 1.6584014733 1.61804579783 1.57172323843 0.917600654006 1.61931325759 1.55219658463 1.37088459266
o 1 1.02832168682 1.62644455493 1.59179934761 1.44294961063 1.01849368679 1.67598988293 1.50998703081 1.32791518706 0.93349204433 1.55994928515 1.39574747178 1.25252179964
p 1 1.04305762466 1.70884804938 1.59227945449 1.54778488372 0.999436157162 1.65133303072 1.52881200739 1.43395796371 0.936902260721 1.49945243006 1.41356349916 1.43987709452
q 1 1.05134561877 1.62658471895 1.66359268096 1.43660719235 1.00584678639 1.66990378023 1.65287618511 1.35892655769 0.903279171692 1.48275280428 1.41152957146 1.30046512555
r 1 1.02650341038 1.56917540313 1.52614325178 1.34138732798 1.02006926909 1.64207654709 1.44930622273 1.33355053935 0.934283457754 1.60062554066 1.46346628021 1.29087836658
s 1 1.04115140872 1.66006730266 1.58600097648 1.36796262593 1.03178400318 1.68500324308 1.60094222921 1.43861691688 0.853954763728 1.4999864542 1.46071730275 1.30272335001
t 1 1.05278682646 1.75658464116 1.64928540442 1.6241898039 0.991619298859 1.57104142991 1.59125848861 1.55035817529 0.927532376244 1.46664772332 1.53298104324 1.4399344729
u 1 1.05043025419 1.58656468511 1.64547833765 1.45804215723 1.00993250596 1.65251256867 1.62153840778 1.4529682345 0.893780287436 1.45614061753 1.46591877866 1.27611851202
v 1 1.06339156719 1.56539448744 1.61321133552 1.4377011341 0.992268201342 1.57534282678 1.5943322247 1.45159119686 0.885140136698 1.47792653591 1.43939488132 1.40888666937
w 1 1.06831856936 1.72467973827 1.753557913 1.54737552105 1.01199267226 1.70041429401 1.60484558455 1.39025277621 0.783209423678 1.4417581931 1.29375166414 1.16948680139
x 1 1.07545228476 1.72631314771 1.74671102316 1.53394144942 0.996743072071 1.65170385809 1.64070413191 1.40160683206 0.792487602269 1.4707801624 1.43896436298 1.337871325
y 1 1.05694107585 1.59182756041 1.58908747063 1.40586819551 1.00596836728 1.6481670051 1.57650772716 1.39895608855 0.877520651166 1.53806668654 1.52740499861 1.27802575264
z 1 1.04321781072 1.62983977893 1.6722385463 1.45013485898 1.0135522618 1.6850097661 1.64899162997 1.47371808653 0.904703896026 1.57552068905 1.53736906115 1.45966008786
0 1 1.02355077245 1.56711902674 1.56358615675 1.30678449065 1.01580484789 1.62079459787 1.5484988473 1.25323220958 0.947129754607 1.55815736555 1.46817407379 1.17382151356
1 1 1.05685025776 1.65780907468 1.47792384699 1.2521020324 1.01812938665 1.640119049 1.54064809366 1.39037314006 0.832650789014 1.40887041731 1.34192077381 1.21640025215
2 1 1.06140676376 1.76266619199 1.6622053214 1.36270007101 1.00465478599 1.61143464885 1.59437706795 1.40991972341 0.873929089415 1.48146278401 1.50098947365 1.29488481788
3 1 1.04957019571 1.7129151512 1.68739616556 1.35870955893 0.999928246715 1.6345036669 1.58938003453 1.3800495631 0.919525397676 1.50625923969 1.46670774056 1.31572129485
4 1 1.05730738319 1.70945398202 1.43932815297 1.47383016768 0.990176828882 1.66719796336 1.30525347839 1.35915825091 0.915783574286 1.58973613352 1.29954339142 1.3566106882
5 1 1.04868187436 1.6094780383 1.50024930885 1.43205833824 0.997647990573 1.63624679867 1.51893525559 1.31413928767 0.923323778728 1.4789683308 1.36399448146 1.23135500968
6 1 1.06697226589 1.71564090729 1.77162723755 1.53691885052 1.01985347286 1.61578677275 1.72255585961 1.52095122505 0.772012031928 1.49597884965 1.46498438944 1.10753573242
7 1 1.05563019864 1.75953906674 1.68004760165 1.50895346593 1.02749527841 1.7761712329 1.7013493494 1.48552095135 0.809423990944 1.43719119496 1.39792502795 1.25554007328
8 1 1.07612275242 1.77260808744 1.68686840854 1.49386663468 0.994106686017 1.61418718578 1.55514555647 1.41142019242 0.816977901888 1.5483308012 1.42317836969 1.40397452479
9 1 1.04856538941 1.7134398479 1.62405315235 1.31631023435 1.00110352408 1.71383715521 1.52616813418 1.29693699554 0.921332768127 1.49903251053 1.56635512986 1.12557242173
a 1 1.05583254709 1.68696157815 1.62560471231 1.31708838768 1.00447412985 1.58198623665 1.46991980317 1.40033644992 0.88608326422 1.42732952931 1.32800677481 1.3353811552
b 1 1.06250736542 1.6961222276 1.64129367108 1.49507352312 0.986857889641 1.54636112275 1.56735421578 1.37080301533 0.904432966681 1.37001499761 1.4718179503 1.25231331905
c 1 1.06652354609 1.70391958514 1.66755625064 1.49211709763 0.983898109883 1.52161221996 1.56047523385 1.51852288116 0.8984463662 1.44574292988 1.45273057402 1.2412677371
d 1 1.05623798451 1.6717501864 1.63176564545 1.54013795012 0.991619191634 1.61711431812 1.55346276723 1.40064280722 0.917315592852 1.38938711728 1.47098960218 1.2835571629
e 1 1.05540352339 1.68546942875 1.6554462715 1.49905092788 0.993390810053 1.58019964308 1.56088454833 1.39225833196 0.917837044673 1.46090333248 1.51674814344 1.27846394551
f 1 1.04749001347 1.68596735149 1.6740157527 1.47269051454 1.02955421703 1.72886412459 1.56478688608 1.46354133565 0.83746364191 1.44732390561 1.49208276346 1.31968851165
g 1 1.05495565308 1.71069696042 1.70595033451 1.46469172338 0.994065444248 1.56522735559 1.50354167782 1.25805093141 0.916009492563 1.46815136341 1.48543935904 1.31592670151
h 1 1.0600677499 1.73941104508 1.66864086357 1.4776298904 1.00594385123 1.59232420924 1.51216447121 1.44333103653 0.866864344496 1.51657131744 1.46576848597 1.34869917001
i 1 1.05375981475 1.61204897032 1.57554963981 1.35453936507 1.00694895327 1.63238825313 1.56799160744 1.37884071191 0.887762746995 1.39926545077 1.35462736333 1.26481622965
j 1 1.05335697494 1.6912291176 1.64612215216 1.28622506938 1.00265082021 1.5922891101 1.55031526479 1.29493482287 0.899655025531 1.49926393386 1.45463468285 1.26825093628
k 1 1.04863190816 1.69916504633 1.72986579474 1.54157322008 1.00916918215 1.62037303739 1.64666526871 1.42704022747 0.902277520562 1.44194248929 1.49757005708 1.36835248017
l 1 1.03426846208 1.6613678383 1.61622438468 1.46476283898 1.01174999274 1.55247583072 1.47916999546 1.28927925145 0.933279039741 1.60659848918 1.38979811852 1.25454622459
m 1 1.07767460338 1.72668930128 1.73886274766 1.4811997467 0.96468863451 1.66829341367 1.58653255645 1.31436758403 0.890748714095 1.46148419746 1.36986619705 1.2789629566
n 1 1.07725876013 1.77349634889 1.74067336589 1.49374794598 0.966396539375 1.689933389 1.56890568686 1.32122210966 0.892874898524 1.45457356084 1.42238889008 1.31779561019
o 1 1.05766945708 1.67993387488 1.61976865401 1.36534774491 1.0008748279 1.61042762732 1.52121526623 1.25342264385 0.890507248065 1.51225247192 1.36147982448 1.21570820922
p 1 1.0495700667 1.74405583088 1.70371471851 1.51343904161 0.995133198135 1.64374725238 1.61753301256 1.3597399627 0.929326194927 1.55920779282 1.54461686269 1.44519713003
q 1 1.05007591866 1.51185256657 1.63117580609 1.36255838887 1.01356189908 1.59459655791 1.60127097508 1.33638739163 0.88233201173 1.37758623114 1.41059588478 1.16148018671
r 1 1.04173939137 1.58535311516 1.51967310095 1.35279403555 1.016947226 1.61019815823 1.46506081058 1.3517726536 0.899861170777 1.37453169156 1.37741795687 1.16408426394
s 1 1.06551969592 1.69503129135 1.72181544426 1.57015508954 1.00956240119 1.6245855329 1.63652427801 1.52732420856 0.808825927324 1.37852208039 1.45226706223 1.28592642499
t 1 1.04242307583 1.70369915267 1.6473357882 1.40046368849 1.01125099337 1.64391379688 1.60699916614 1.41763153705 0.916924919305 1.47389094783 1.55513346968 1.45913257515
u 1 1.06431784004 1.7257675633 1.70982650299 1.51952585839 0.986394359928 1.67873608937 1.62812977652 1.46019928123 0.902807039357 1.58670952088 1.50804275865 1.34635313938
v 1 1.06291019943 1.6768266807 1.64111401008 1.56970961967 0.999254534458 1.65549111675 1.5386169093 1.38814129042 0.875455042374 1.4523590124 1.35209167107 1.30961126247
w 1 1.03721065272 1.69061585172 1.58686866155 1.33990006302 0.994696496608 1.58625378009 1.62260950876 1.37611075505 0.955693389416 1.54974218425 1.57513096317 1.32654890958
x 1 1.06882889911 1.71167424536 1.75698136243 1.56361063268 0.999729082378 1.6229628695 1.6470503797 1.50414585862 0.838162710207 1.55827877063 1.50935620074 1.30797443471
y 1 1.04911786464 1.61166752878 1.53904518456 1.33195078279 1.00804026902 1.67913198123 1.58945689348 1.36293246492 0.900863652352 1.5513501958 1.52419362871 1.32724005412
z 1 1.02857868126 1.75169437756 1.62504680781 1.44165449047 1.02354819543 1.71231968022 1.59923724052 1.44217798928 0.92237969309 1.57773587742 1.59535889491 1.42708789379
0 1 1.02817484012 1.62353653424 1.57920624798 1.34766625257 1.01122291857 1.60946908134 1.50110038888 1.33989935811 0.946538643155 1.44830920903 1.53412258024 1.28492524075
1 1 1.06093905276 1.71768920529 1.57367905278 1.53979733702 1.005386353 1.66548339491 1.61958689058 1.34592167511 0.866480259294 1.4231535478 1.44030798786 1.13185212544
2 1 1.05441671638 1.76552062428 1.70436536811 1.5533939655 1.0005694014 1.62824417237 1.70322846625 1.52312941415 0.907776726646 1.48851928375 1.45423157089 1.18562272319
3 1 1.05500254295 1.73222447906 1.69407717239 1.53715590042 0.99891739104 1.59968633922 1.5260530469 1.42003407738 0.907259170923 1.48261679409 1.35620350202 1.35676749823
4 1 1.05087906343 1.71216958495 1.44046090258 1.38795650733 0.990801200977 1.68673311498 1.35322037896 1.38449804041 0.932086792242 1.61670312719 1.39251954347 1.3040706334
5 1 1.04133762224 1.62376229558 1.52345103077 1.31095870534 0.997439858826 1.63266424834 1.50805191376 1.13443692711 0.942109618535 1.46756959353 1.47261375195 1.08558128193
6 1 1.06410611931 1.81202503801 1.75765246534 1.55402540015 1.00909089572 1.77419804891 1.84246779265 1.49115980845 0.860406839585 1.67070823663 1.7307364072 1.44185144678
7 1 1.05007637778 1.70521212363 1.72010479251 1.58714579062 1.03411492369 1.74969120643 1.69492935729 1.56366700784 0.801918658142 1.47249577276 1.42914991469 1.14177001776
8 1 1.08722396107 1.740742403 1.73675491702 1.41643649583 0.986069670752 1.70189933424 1.67299965808 1.37834790677 0.753614521262 1.44045016779 1.32749566588 1.19072109019
9 1 1.05801898954 1.69401407941 1.6335737575 1.31773224522 0.995445824616 1.68496416193 1.48971280233 1.29190286869 0.903624970464 1.48133484282 1.52812820648 1.26408200514
