u 13312 1.56893858634 145.24015699 21.2695658615 26.5502300599 0.967809853417 49.0902078518 11.0478799508 17.0128039751 0.463372504012 21.4733461627 8.72565383452 14.1551483857
6 9216 1.32083785125 127.952610977 52.311143581 105.065920143 1.03624169301 73.4578433195 25.8048833776 36.1326786018 0.642920455744 25.0883127865 12.4121608759 28.7050972875
v 9216 1.44498355706 143.940480093 18.1492149374 37.1215954901 1.10403706939 110.760059261 19.2356945089 32.2622248507 0.450979373554 34.1464864332 13.9036896142 22.8476586746
a 10240 1.41515307557 168.233421712 99.0116661711 48.1876036015 0.979323583687 116.784312775 41.0927744168 35.2194526298 0.60563888751 41.0869704569 12.8025583859 27.4764850851
i 13312 1.50270594671 120.417484285 86.3111479205 30.8447325168 0.958822593799 51.1395305095 67.0768799058 18.0368009839 0.538575454202 33.4653223818 9.85549921129 14.5520898847
4 12288 1.28657024327 156.710775092 16.7945480072 27.7514928839 1.04556917609 103.699783616 16.1717095438 34.6728885472 0.667860580644 46.9953038967 11.7775534118 29.0962523565
u 8192 1.24406878304 92.3396200461 18.5911529468 40.4747485563 1.14906396465 48.1793002803 16.877417969 40.9094361914 0.606956622061 25.0475654195 11.2692419524 32.5300082396
5 15360 1.47039487999 103.113006793 40.109875579 17.3554647635 0.886459309895 56.6108853429 52.2791873284 22.698529921 0.643145810113 32.1851709466 14.7515045976 19.6747836086
b 88064 1.28187651826 6.66939683253 6.22129938226 21.3590569544 0.759019757753 2.17666453942 2.4692577829 4.19518621596 0.959113326322 12.5311394946 5.26722477703 10.275927535
o 16384 1.3571686263 89.071418976 46.1850026719 26.6032665459 0.917446151305 44.6470535585 13.0583743357 20.3087744663 0.725435499725 24.4212636392 9.75708075564 15.0707492928
3 30720 0.955873031647 8.4264923173 7.60521996021 54.8835150518 1.30027575662 71.5122115579 21.9867231791 35.9085383829 0.743851211733 27.877849085 9.15282810884 16.8182390245
8 6144 1.36645704245 150.813939254 57.4529478069 56.3234961691 1.2165717049 142.13256672 57.5951060792 54.8351113437 0.416971252651 53.9198765854 17.7481042632 29.9559200923
w 17408 1.37778925982 166.220236123 21.7359316033 20.9956756103 0.952094674841 52.882145599 13.9486507488 27.1280154578 0.670181167749 22.3944848984 17.8161463398 30.1167276973
5 30720 0.994690349605 9.61717198918 6.23371925527 20.4646431116 1.25094393681 78.4089576735 17.5853677734 38.4297494294 0.754365713587 44.9647956257 29.283001197 16.3923985696
e 12288 1.54720757301 120.564150953 44.3041462809 39.5586541459 0.932156863937 87.3597441547 28.2503245973 33.3403684765 0.52063556305 42.6094063296 15.0840536134 21.0602387406
x 6144 1.66718372644 209.590925281 319.130028004 90.5862958158 0.958813909547 173.80720696 191.727260617 41.8293764683 0.37400236401 42.1106079263 14.2717013012 30.9862583303
z 11264 1.46948362795 190.564247879 76.2201800866 54.398884255 0.956486946949 66.6582607568 22.1491971302 29.886340706 0.574154454033 12.7079023029 14.1865145936 54.742485196
g 10240 1.28134874536 157.920696572 30.0498013562 44.0948049837 1.14256682872 100.343053426 29.2392392966 52.9382713139 0.576208595678 47.178410057 13.9707317801 27.0596244197
q 9216 1.3452502622 108.114892513 20.1058182084 34.4370516699 1.08552187114 128.657499477 12.1462234095 24.5789806512 0.569227866663 50.5856281528 9.09666048114 28.971270826
9 19456 1.33651833216 73.9458443905 26.371594922 22.7787593492 1.13914271348 77.8977442403 45.293319677 25.9481866165 0.524412290935 28.2635264763 13.435386844 21.9754600402
q 10240 1.64353482089 139.72210755 25.5042384615 26.4578039294 0.850433393527 62.506229368 12.253556775 19.252633023 0.506176474573 32.9453871684 9.39935497614 22.0753881732
d 9216 1.28224959074 113.812919686 44.245995 38.5981433707 1.093271483 56.6633943582 31.3630644681 41.6407757298 0.624478926258 37.3609964316 14.1881634053 36.3064101092
t 11264 1.34524353551 119.597054717 21.6562099047 43.453144629 1.08893405164 129.582054076 19.1974589862 39.2664669062 0.565914355207 28.1365268028 12.5196574368 27.0394341686
o 14336 1.4863639865 149.382764055 55.5126292779 17.1577879527 0.981289332237 64.5188199416 19.1488419803 20.8851644442 0.532448452343 30.1625046449 7.13277021625 19.0131933503
y 26624 1.44130316437 104.087887829 43.7372979758 18.6634480878 0.801709691317 18.9079955355 5.74551129187 15.7089423401 0.757036868615 8.68473823174 7.26394189117 14.4736132626
k 5120 1.52068236193 160.894282478 58.7705979602 77.0337007384 1.021670556 102.832257562 50.0087419163 71.5018056609 0.457952109809 55.7110972736 28.0494646678 30.5110008897
3 11264 1.288226414 127.75045163 62.1375883827 26.0887783336 1.14326003233 83.1946790075 19.9819924585 29.7017482734 0.568590311705 26.8337683073 14.4121218177 41.4791278753
u 10240 1.31716307545 94.793477393 24.6007312642 39.6607946555 0.993234491921 49.1427427734 16.8048443491 25.2567859498 0.689693351655 51.4646143539 11.5407368841 22.8997517608
l 13312 1.51697496756 148.824927977 172.271387993 30.6709935816 0.965116263647 91.5718750591 42.4439110587 17.9033586302 0.518017396835 37.7228073551 8.80803491219 13.2088803398
4 11264 1.25916296757 164.270816982 15.1702540463 22.8748846189 1.17946851752 123.419498573 12.311283807 18.7398073592 0.561437533009 55.9985062217 8.53021153347 12.980852121
g 10240 1.34694108447 102.419151436 29.1173771864 24.7685004069 1.19519581953 113.002574126 14.8313567363 40.0193810934 0.458021894156 32.4781740487 12.9108300743 19.821683024
j 13312 1.41380075324 142.805477223 42.9656195476 25.9257810631 1.03898796969 93.6186437639 51.1637696872 14.4278480112 0.54731330247 38.2195545146 12.6250833025 23.6771538378
e 13312 1.30508029136 81.2915138593 53.2387304829 41.9728214649 1.16545097603 101.54280643 20.6375049097 41.3106901974 0.529574755873 39.4951088068 7.30419085356 20.0247521236
k 20480 1.59319514653 95.6372039588 30.6036443035 17.7802637894 0.877526656986 16.7077300776 9.91107712613 18.2993097169 0.529365086062 6.5163823653 6.83164754342 15.7402223781
5 17408 1.74055098908 155.121555113 30.1412524956 13.6743435156 0.780892466214 42.189691162 31.5471280522 15.9369395984 0.4786841599 20.0975460861 4.85971187878 10.2939299782
s 28672 1.32332912684 81.9252786261 90.93835383 79.0847464803 0.907859277223 7.46976297229 9.83434059498 49.7313566197 0.768835783882 7.14582969814 5.91996620596 15.1469518207
i 15360 1.55153070718 113.583073365 62.9009566442 17.1143268579 0.983153485997 76.031348407 41.7878771084 16.6581747158 0.465315806826 31.8566822152 18.453318227 15.8749882893
w 19456 1.60771454376 169.234878274 100.023808259 22.3365525075 0.831750827299 75.0033602466 24.2114996212 18.384124822 0.560602384933 41.2705392405 20.2377195672 16.8795955699
d 10240 1.3053714898 91.0408204247 50.9573588152 37.7081457477 1.11308289602 153.042491196 50.2059025275 27.7437841595 0.5816681843 66.3650332911 18.7897490971 32.9059293913
2 10240 1.34356411785 138.652732961 26.0228555812 20.1116764287 1.13160923702 115.545552081 14.9021050253 29.7412159304 0.524965828891 57.1115328958 11.507722893 21.2677258139
i 13312 1.43186730811 91.6971138249 70.7689332182 31.7879760854 1.07236447685 82.0130408252 64.2223602448 20.4431352677 0.495881831934 42.4430434206 25.4458920824 14.8142915356
f 7168 1.67863998983 131.826761559 246.45904528 40.9126383082 0.865888037861 72.8959777173 49.9821032446 57.1563041069 0.4556998083 31.1291411518 47.8343683018 62.5053672755
e 7168 1.34198979531 177.021372059 43.5900159083 42.4162209037 1.08454927401 155.310508107 29.8019686777 36.1629971427 0.573639398906 48.9706548291 19.4483793295 30.8088703413
1 10240 1.53672938349 197.615740477 62.8959409614 25.0039010443 0.942287477959 118.535240266 25.8885685389 24.7246868261 0.521123448121 58.2254160708 14.3477882743 16.2413657554
b 9216 1.18390936286 97.0360221694 38.7937943315 38.9905008316 1.10712116257 135.320167421 29.4180158741 28.4341178195 0.708969474564 66.5732417197 17.8183745758 42.0322191099
k 12288 1.42110656451 147.487885399 65.2380732321 25.7444753083 0.972251738077 81.5571875011 56.1893640843 37.5727262332 0.606641697413 55.977526241 20.8392021543 23.297155369
0 16384 1.24064893134 72.273990594 61.7242582405 20.6498159752 1.08753717759 87.6234729509 55.4000090638 18.4760426073 0.671873976411 28.4126063727 24.8354860698 22.5456953434
v 9216 1.37791393883 126.54772991 29.721470367 53.1017150585 1.10665146921 98.7549154162 15.5627057971 42.0030260115 0.515434591957 53.1005333445 14.6152685323 33.9879706418
z 6144 1.52668100814 178.933123059 60.281726508 64.34016909 0.969169232849 50.8724408527 25.1013688041 49.7489104648 0.504149759007 51.662014846 20.4809343819 37.4370060369
1 11264 1.50039059123 153.293977158 64.8830243047 34.3588493108 0.985258959971 83.0271720293 13.9108783993 22.4264817607 0.514483708608 31.9189480666 8.29868064716 28.4997907637
a 11264 1.51324905665 137.391190408 140.253980588 32.6191148442 0.942670549879 92.4269057895 30.7934387324 25.4859057504 0.544217077644 37.6219230715 13.4918483235 36.3995442417
w 25600 1.54935202659 95.6510266069 39.8259312179 13.7810107002 0.899936312272 45.5283225139 8.16673347619 12.5671871835 0.550764307998 13.6910422676 7.89053780024 15.5705527728
6 32768 1.07917962108 6.75133425241 6.46145007405 62.2679456417 1.09979809504 56.4179309044 9.56102283885 82.7169551022 0.821029532772 7.59983833926 23.8394044582 76.2631687447
p 12288 0.952898985218 64.1277228107 43.012973987 27.959889111 1.26368729814 106.82110719 47.4988255531 34.9220143507 0.783413716641 93.7198637513 16.0816526406 24.0493771964
7 13312 1.4407187941 185.65208622 55.4654793747 33.2549627722 0.789472414306 61.7260605108 13.4753655309 38.1226786027 0.769860659829 25.8135280659 13.3075699241 23.0230852518
g 8192 1.29577935043 72.7755638208 84.8269268904 60.6718123062 1.1214870864 142.512076317 30.563526806 35.7424460094 0.58284186758 42.4182130949 12.6351305369 25.7454673553
l 11264 1.42365360155 111.994136207 188.650342873 30.3319144423 1.05302838396 106.776610982 45.6396590818 28.2973910497 0.523430838351 36.6613890859 8.53699446665 21.6925414343
t 10240 1.35112614856 135.718140263 30.4902823624 60.8894871463 1.11949424046 140.177511862 25.0804858571 43.4035493597 0.529517461124 36.2890597384 20.1267160455 34.7251178415
t 10240 1.47634223616 147.67496174 16.4604052966 23.3297142185 1.01127859946 98.8989510563 20.8427407597 42.8886737709 0.512521994153 50.8966706388 15.9084420952 32.2662205879
y 12288 1.51242210711 146.583561625 27.2450760959 23.5212097862 0.910712787989 46.221556977 64.8183636404 23.5307206362 0.576865104905 32.7081210524 32.2721650657 21.9356937093
1 10240 1.36736516239 108.639004721 56.0788892505 37.5858710024 0.997195551364 124.481369401 21.6783492018 21.4110713778 0.635546070289 52.0866481038 17.0377356992 22.4549780501
9 13312 1.47948529758 112.209332658 59.6914859243 40.2479163234 0.812465806246 46.9360371761 39.2674730878 30.2041875539 0.708114680556 35.3243483812 15.0838409805 24.2509104676
3 73728 0.748058036747 3.83542999574 2.37818624389 10.7438696114 1.22927194699 4.4862270065 3.18592757335 8.77372618369 1.02267001626 10.6288298366 4.49125521611 5.91502936382
2 9216 1.48183682899 135.07429674 33.2919604214 37.5175684855 1.06226989807 78.0772599189 17.3723044805 24.0413042737 0.455893272933 28.8682847016 10.9527219038 29.8597662916
7 13312 1.38924733061 195.554031413 51.1921417535 38.6353158542 0.930157103904 51.7464961991 25.8523258552 27.034118117 0.680667535841 22.2775069811 15.3767623504 19.8202771271
c 11264 1.27817791189 81.2472704424 21.7486679952 336.510957316 1.05126598894 91.8253386627 15.2485052122 29.3350429318 0.67063018117 54.7652699865 12.3201747218 32.8663567107
a 13312 1.3829798113 150.173878443 93.1063147096 29.3599702664 1.0031548001 88.0614594398 54.3574512349 29.3722488014 0.613952395045 53.5694439787 13.5250021224 37.4316344474
h 6144 1.41536400757 187.947347591 71.8366301528 66.2017877753 1.20005388905 133.915711003 36.2100900225 65.2471815653 0.384582103389 53.4659341003 10.8755676716 18.2230281914
c 11264 1.33448285738 65.7683312772 16.9217600967 369.128761395 1.05581588369 112.553488949 13.9627773573 22.8092167245 0.609790335591 45.0685895189 12.2832871834 24.135752082
r 13312 1.47848767395 114.620377739 53.4599952806 23.4576350254 1.06627253347 91.5291299639 28.2691835908 18.3704894343 0.455362541616 51.4602283538 15.8284194788 13.2092750057
7 13312 1.51101264821 173.742654387 70.1662359361 25.7375137615 0.907292929002 74.121150441 16.6283124676 24.2098762243 0.581788678216 27.823241237 10.6386898676 30.0927558984
d 9216 1.4175335158 114.598126281 57.0542368662 46.3311378373 0.986572316234 73.4059105529 22.7643251122 32.9512619692 0.59589416797 27.4773415185 13.5681192878 29.3920052146
h 7168 1.37191936711 230.27144639 90.6173171085 45.4253281018 1.23909519149 122.478151651 27.8415185682 55.8573912825 0.389241096024 43.6491256476 10.4685684623 20.4021017332
p 7168 1.20961750104 119.186711496 30.8573029818 44.3729727477 1.09815980452 166.320188333 20.7503059976 65.4552307661 0.692351471552 53.6262482669 23.9932171407 58.5874593914
z 7168 1.2782083073 185.722052343 68.2680847944 103.687827944 1.25723544852 194.263061287 61.493082726 58.0476116315 0.464780279218 59.2293922197 14.1397510947 30.1935548728
r 14336 1.57404026237 110.943668046 58.5159733298 25.5681200981 0.984468155034 70.2034793939 27.1506591381 22.199156645 0.441611699829 27.0764698368 11.951295393 26.6709803195
y 15360 1.49446839878 108.583243788 36.3083296817 23.5095985586 0.956213211565 53.0912206705 24.7921604025 19.387322406 0.549318389658 26.320196404 9.06692874347 13.7562828403
6 4096 1.59614960544 245.042372194 119.633261319 70.8170698729 0.973677343516 191.663809001 80.2634821561 51.2261745319 0.430590201075 65.1892915264 49.2149432582 47.1777475606
n 12288 1.22537120566 87.3360680987 110.867231795 49.0914558919 1.06016211764 58.1016374348 19.8101268646 32.6494642159 0.714466676706 35.8345565228 15.823012235 23.3461498043
x 8192 1.4944534062 175.773025229 137.653477826 73.1052520881 1.01461067694 106.357591275 113.868636511 27.8656221335 0.491116969003 32.1149345563 13.0788417438 22.3002695119
r 23552 1.53117107921 144.438766173 42.1125167667 23.8685860931 0.964877448796 77.3505665525 12.4144690568 13.3141802688 0.504019128485 7.15287823508 4.22814668591 14.4849202343
0 15360 1.24358867362 135.412758479 37.7445157495 30.4355910927 1.12298009948 79.5544717669 26.358284966 24.2408130992 0.633431226896 31.3838120607 21.215541777 29.0088349579
8 9216 1.42560962453 155.222269133 80.15578192 56.390799811 0.960031263411 59.6933891085 24.1344647723 47.9761845425 0.614359112062 21.1789389063 14.8395920054 47.3438889423
f 8192 1.55968864975 187.07568386 146.319816409 55.8219663311 0.867155619295 64.5526746065 66.0108699461 79.6683201121 0.573360670042 26.3571568178 19.4022819108 81.5924343322
s 10240 1.20211806874 103.898955588 97.9280074228 75.3042637769 1.13287340308 16.4699328999 32.391076037 117.440972268 0.665106651045 15.0754984131 21.0902511252 144.511153664
s 5120 1.54813832539 223.370379678 190.52963387 90.2008899653 0.879932569864 128.533918118 54.2115551504 58.1234697143 0.572250216826 62.0433045952 30.5684721133 44.3690294625
v 10240 1.35013278148 136.964568983 22.6842701629 42.7794850539 1.2763230345 139.715882193 10.4673396214 40.9624119794 0.37372768016 41.5661153828 6.94877058144 34.0738208281
h 7168 1.4539567828 234.589171109 44.3228601962 43.3151496153 1.27161511262 77.4820773437 30.5083804967 35.3471036805 0.274731691152 32.338622906 14.4767369702 23.2701538432
c 14336 1.24174745086 71.3000558683 18.8075513738 195.226021802 1.09340975606 77.6027134998 11.5600329113 35.2113652299 0.664893378445 50.4163806159 16.9316705645 45.7055821346
p 9216 1.58764685616 179.292249872 23.4063416384 52.5969157038 0.951798094122 61.5351596374 19.9678625746 35.0460144722 0.460555049717 24.6346475137 11.6045854588 36.3200266931
m 17408 1.6328988399 151.516972915 156.825635317 49.363971053 0.825647541584 32.6375290482 10.7802858095 19.6758073874 0.541562682592 17.7895205309 10.1998664437 22.4007600088
q 12288 1.65890761041 80.2442296616 21.7942737195 28.9907594035 0.847233772066 49.2127425847 10.583682975 26.9434240831 0.493858617525 32.4062064711 8.46188455165 24.0915530935
8 6144 1.38173494543 169.086134506 48.9663914254 67.887756756 1.22589535078 159.454449249 32.0311044178 33.1588549105 0.392369703795 54.394641912 14.0441099233 29.1038251162
m 13312 1.51948607713 172.470210289 72.6199725651 47.6176352918 0.91230298733 46.6455015967 18.1272236546 19.1094743077 0.568308229159 33.1989490997 11.9358477246 29.6872417681
j 13312 1.66293208862 169.230553689 30.1926930925 42.5124577571 0.790714389018 76.8980717684 19.1146991576 28.2686484692 0.546455741034 26.1987753747 15.6278001721 20.659057723
4 11264 1.16971581586 158.861498044 10.2842398629 20.1310200512 1.0869073391 111.40468856 13.0200041207 15.7192639495 0.743422042324 81.9930426727 8.02986296093 26.7810652395
m 14336 1.57485302614 180.61627211 80.181825514 31.4327285451 0.852797446314 53.2405861353 15.7585635599 21.0474550202 0.57246981485 40.3782460593 7.43106936152 14.8505493555
0 19456 1.43831067587 59.4263548435 42.2245304682 47.0751508441 0.991519647419 100.825645845 55.5143459929 16.8970659162 0.570235947185 35.5166365048 23.532738956 16.7173356881
2 9216 1.29553816585 113.900575833 60.9204776989 45.2613404388 1.19278709582 137.445331703 22.2281017537 31.0259059109 0.511674738331 26.9604943067 12.7956946768 38.2861046148
o 10240 1.42988374451 141.025999011 65.9395707367 44.7013005029 0.946360048152 65.7699954411 69.6862365035 34.4840328121 0.623866413485 59.3258840958 21.0277905411 35.8465280423
j 15360 1.52478947988 145.081259824 41.2024567039 28.0905588102 0.912848881878 79.0190266848 27.3431164619 28.5092558915 0.562361638237 41.3356327233 10.5947382911 24.3837073772
b 11264 1.42949054612 119.24924932 45.8758731367 62.1213999609 1.0615149619 93.7525048184 25.6418990713 42.2466134799 0.50910887029 34.1592866988 8.24261301296 29.0188878324
n 9216 1.3035447245 156.348295891 84.4819981377 54.2681722144 1.05792910772 131.812814839 31.1907524001 32.7476285964 0.638526167779 81.4340084742 21.8715839886 33.7852009797
x 16384 1.43853225546 155.822038345 133.930018475 49.4205901829 0.852388235929 22.0112096251 34.3879735115 133.469779637 0.709132771245 8.56918031754 19.9293301873 192.683299135
l 10240 1.47730129612 187.482412898 138.269781459 44.3660422872 0.900078123228 138.945472152 32.4957765166 29.5139024115 0.622731119435 75.7362594587 22.7695850078 40.1502997509
9 14336 1.34491834302 80.07133033 41.0376235147 23.5799931218 1.02072658987 70.80648839 29.6570354919 27.7134019122 0.634427240862 38.0305934935 10.6518763313 22.3355016942
f 6144 1.6677434973 200.635133795 270.626204485 79.8241069366 0.905768720637 99.3231653344 101.948218342 38.015035452 0.42648778206 38.9492459021 43.7244880347 76.4302553895
n 13312 1.57077689845 169.417236872 110.231652803 50.7496253608 0.953485171679 107.928462111 14.825673282 27.6526138844 0.475856060126 28.4819518933 14.5351616198 26.5005592184
